          0.002       25104.146       522948.54
          0.004        24076.11       504504.34
          0.006       23086.128       484894.99
          0.008        22136.53        464120.5
           0.01       21229.646       444042.71
          0.012       20360.359       426603.52
          0.014       19523.232       410061.18
          0.016       18720.115       392593.88
          0.018       17952.857       374201.62
           0.02       17223.308       357463.85
          0.022       16523.001       344709.89
          0.024       15844.469       332985.09
          0.026       15191.061       319584.91
          0.028       14566.129       304509.38
           0.03       13973.023       290313.63
          0.032       13404.874        279658.2
          0.034       12854.391       270146.03
          0.036        12324.29       259274.67
          0.038       11817.292        247044.1
           0.04       11336.114       235527.29
          0.042       10875.183        226882.7
          0.044       10428.583       219165.61
          0.046       9998.5204       210345.83
          0.048       9587.1999       200423.34
           0.05        9196.827       191079.92
          0.052       8822.8802       184066.68
          0.054       8460.5603       177805.92
          0.056       8111.6565       170650.56
          0.058        7777.958       162600.59
           0.06       7461.2541        155020.4
          0.062       7157.8764       149330.67
          0.064       6863.9315        144251.4
          0.066       6580.8708       138446.36
          0.068        6310.146       131915.53
           0.07       6053.2087       125765.84
          0.072       5807.0827       121149.83
          0.074       5568.6094        117029.1
          0.076       5338.9663       112319.55
          0.078       5119.3312       107021.18
           0.08       4910.8816       102032.02
          0.082       4711.2031       98287.125
          0.084       4517.7331       94944.032
          0.086       4331.4269       91123.241
          0.088       4153.2401       86824.754
           0.09       3984.1279        82777.12
          0.092       3822.1316       79738.938
          0.094       3665.1722       77026.734
          0.096       3514.0247       73926.981
          0.098       3369.4643        70439.68
            0.1        3232.266       67155.892
          0.102       3100.8407       64691.059
          0.104       2973.5017       62490.687
          0.106       2850.8779       59975.902
          0.108       2733.5981       57146.704
           0.11       2622.2911       54482.614
          0.112       2515.6677       52482.931
          0.114       2412.3594         50697.8
          0.116       2312.8765       48657.591
          0.118        2217.729       46362.303
           0.12       2127.4273       44200.965
          0.122       2040.9252       42578.651
          0.124       1957.1127         41130.4
          0.126       1876.4036       39475.207
          0.128       1799.2118       37613.073
           0.13       1725.9513       35859.611
          0.132       1655.7734        34543.45
          0.134       1587.7775       33368.505
          0.136       1522.2994       32025.671
          0.138       1459.6748       30514.948
           0.14       1400.2396       29092.389
          0.142       1343.3052       28024.607
          0.144       1288.1412        27071.39
          0.146       1235.0197       25981.968
          0.148       1184.2133        24756.34
           0.15       1135.9943       23602.239
          0.152       1089.8043       22735.962
          0.154       1045.0505       21962.631
          0.156       1001.9538       21078.799
          0.158       960.73528       20084.465
           0.16       921.61594       19148.158
          0.162       884.14265       18445.361
          0.164        847.8345       17817.968
          0.166       812.87078       17100.928
          0.168       779.43079       16294.239
           0.17       747.69382       15534.627
          0.172       717.29228       14964.457
          0.174       687.83599       14455.463
          0.176       659.47043       13873.738
          0.178       632.34104       13219.283
           0.18        606.5933        12603.02
          0.182       581.92896        12140.45
          0.184        558.0315        11727.51
          0.186       535.01892       11255.565
          0.188       513.00924       10724.615
           0.19       492.12046        10224.65
          0.192       472.11064       9849.3732
          0.194       452.72297       9514.3611
          0.196       434.05319       9131.4789
          0.198       416.19705       8700.7265
            0.2       399.25029       8295.1123
          0.202        383.0166       7990.6555
          0.204       367.28766        7718.865
          0.206       352.14114       7408.2381
          0.208       337.65471       7058.7749
           0.21       323.90604       6729.7059
          0.212       310.73589       6482.7045
          0.214       297.97523       6262.2047
          0.216       285.68707       6010.1976
          0.218       273.93443        5726.683
           0.22       262.78034        5459.714
          0.222       252.09558       5259.3254
          0.224       241.74304       5080.4371
          0.226       231.77383       4875.9873
          0.228       222.23909        4645.976
           0.23       213.18993       4429.3879
          0.232       204.52153       4266.8154
          0.234       196.12266       4121.6858
          0.236       188.03479       3955.8187
          0.238       180.29939       3769.2139
           0.24       172.95794        3593.499
          0.242       165.92539       3461.6062
          0.244       159.11151       3343.8647
          0.246       152.54994       3209.2991
          0.248       146.27431       3057.9093
           0.25        140.3183       2915.3543
          0.252        134.6129       2808.3516
          0.254       129.08489       2712.8296
          0.256       123.76158       2603.6584
          0.258       118.67026        2480.838
           0.26       113.83823       2365.1852
          0.262       109.20952       2278.3755
          0.264       104.72473       2200.8798
          0.266         100.406       2112.3108
          0.268       96.275482       2012.6684
           0.27       92.355324       1918.8409
          0.272       88.600118       1848.4134
          0.274       84.961671       1785.5423
          0.276       81.457949       1713.6875
          0.278       78.106921        1632.849
           0.28       74.926553       1556.7282
          0.282       71.880008       1499.5913
          0.284       68.928187       1448.5849
          0.286       66.085668       1390.2902
          0.288       63.367027       1324.7071
           0.29        60.78684       1262.9513
          0.292       58.315222        1216.597
          0.294       55.920452       1175.2162
          0.296       53.614357       1127.9225
          0.298       51.408762       1074.7159
            0.3       49.315493       1024.6143
          0.302       47.310305       987.00773
          0.304       45.367462        953.4361
          0.306        43.49656       915.06739
          0.308       41.707193       871.90161
           0.31       40.008954       831.25492
          0.312       38.382173       800.74524
          0.314       36.805973       773.50906
          0.316       35.288137       742.38108
          0.318       33.836449        707.3613
           0.32       32.458692       674.38522
          0.322       31.138908       649.63316
          0.324       29.860159       627.53683
          0.326        28.62876       602.28314
          0.328       27.451026        573.8721
           0.33       26.333272       547.12401
          0.332        25.26253       527.05287
          0.334       24.225061        509.1289
          0.336       23.226015       488.62862
          0.338       22.270546       465.55204
           0.34       21.363807       437.44004
          0.342       20.520786       408.38506
          0.344       19.730266        390.6735
          0.346       18.958092       390.04025
          0.348       18.170105       406.48532
           0.35       17.332151       439.21262
          0.352       16.413255       474.77834
          0.354       15.433037       495.00696
          0.356       14.433227       494.37069
          0.358       13.455554       472.86952
           0.36       12.541749       438.73318
          0.362       11.700622       406.80881
          0.364       10.914514       378.79277
          0.366       10.185451       349.76403
          0.368       9.5154577        319.7226
           0.37       8.9065603        292.9722
          0.372       8.3435689       273.42808
          0.374        7.812848       256.20376
          0.376       7.3187539       236.80126
          0.378        6.865643       215.22058
           0.38       6.4578716       197.01603
          0.382       6.0775788       187.81035
          0.384       5.7066302       182.15183
          0.386       5.3489715       174.52037
          0.388       5.0085487       164.91597
           0.39       4.6893076       156.16849
          0.392       4.3838748       151.21168
          0.394       4.0844609       147.37153
          0.396       3.7943886       141.87015
          0.398       3.5169803       134.70753
            0.4       3.2555585       127.36606
          0.402       3.0075161       121.65423
          0.404       2.7689416       116.57873
          0.406       2.5412012       110.82019
          0.408       2.3256608       104.37862
           0.41       2.1236867       98.357499
          0.412       1.9322308       93.966604
          0.414       1.7478203       90.261905
          0.416       1.5711832       86.193071
          0.418        1.403048       81.760101
           0.42       1.2441428       77.723914
          0.422       1.0921523       74.777741
          0.424      0.94503184       72.059135
          0.426      0.80391578       68.773334
          0.428      0.66993851        64.92034
           0.43      0.54423442       61.106341
          0.432      0.42551314       58.059745
          0.434      0.31199544       55.357687
          0.436      0.20408239       52.455086
          0.438      0.10217509       49.351942
           0.44    0.0066746264       46.460094
          0.442    -0.083665281         44.1741
          0.444     -0.17002177       42.056198
          0.446     -0.25189007       39.685908
          0.448      -0.3287654        37.06323
           0.45     -0.40014299       34.554497
          0.452     -0.46698339       32.517996
          0.454     -0.53021497       30.575322
          0.456     -0.58928468        28.35612
          0.458     -0.64363946        25.86039
           0.46     -0.69272624        23.48291
          0.462      -0.7375711       21.671371
          0.464     -0.77941172       20.110361
          0.466     -0.81801254       18.431561
          0.468     -0.85313797       16.634969
           0.47     -0.88455242       15.020413
          0.472     -0.91321962       13.837431
          0.474     -0.93990214       12.710761
          0.476     -0.96406266        11.31543
          0.478     -0.98516386       9.6514378
           0.48      -1.0026684       8.0285819
          0.482      -1.0172782       6.8161217
          0.484      -1.0299329       5.7934518
          0.486       -1.040452       4.6805045
          0.488      -1.0486549       3.4772803
           0.49      -1.0543611        2.403052
          0.492      -1.0582671       1.6547485
          0.494      -1.0609801      0.97958125
          0.496      -1.0621855       0.1471055
          0.498      -1.0615685       -0.842679
            0.5      -1.0588147      -1.7536562
          0.502      -1.0545539       -2.365051
          0.504      -1.0493545       -2.935991
          0.506      -1.0428099       -3.710263
          0.508      -1.0345135      -4.6878668
           0.51      -1.0240585      -5.5908345
          0.512      -1.0121501      -6.0743844
          0.514     -0.99976094      -6.3162628
          0.516     -0.98688509      -6.5610305
          0.518     -0.97351682      -6.8086875
           0.52     -0.95965034      -6.9485996
          0.522     -0.94572242      -6.9554681
          0.524     -0.93182847      -7.0679303
          0.526      -0.9174507      -7.4392883
          0.528     -0.90207132       -8.069542
           0.53     -0.88517253      -8.7726599
          0.532     -0.86698068      -9.2260196
          0.534     -0.84826845      -9.4107659
          0.536     -0.82933761      -9.4446345
          0.538     -0.81048991      -9.3276256
           0.54     -0.79202711      -9.1355856
          0.542     -0.77394757      -9.0128034
          0.544      -0.7559759      -8.9860963
          0.546     -0.73800319      -9.0138393
          0.548     -0.71992054      -9.0960324
           0.55     -0.70161906       -9.229057
          0.552     -0.68300431      -9.3668091
          0.554     -0.66415182      -9.4491803
          0.556     -0.64520759      -9.4585468
          0.558     -0.62631763      -9.3949085
           0.56     -0.60762796      -9.2905693
          0.562     -0.58915536      -9.2058191
          0.564     -0.57080468      -9.1503339
          0.566     -0.55255402      -9.1058029
          0.568     -0.53438147       -9.072226
           0.57     -0.51626512      -9.0580166
          0.572      -0.4981494      -9.0343933
          0.574     -0.48012754       -8.937151
          0.576      -0.4624008      -8.7392792
          0.578     -0.44517043      -8.4407781
           0.58     -0.42863769      -8.1403595
          0.582     -0.41260899      -7.9781032
          0.584     -0.39672527      -7.9173485
          0.586      -0.3809396      -7.8800669
          0.588     -0.36520501      -7.8662586
           0.59     -0.34947456      -7.8671065
          0.592     -0.33373658      -7.8643733
          0.594     -0.31801707      -7.8527452
          0.596      -0.3023256      -7.8363289
          0.598     -0.28667175      -7.8151245
            0.6      -0.2710651      -7.7435329
          0.602     -0.25569762      -7.5763935
          0.604     -0.24075953      -7.3599623
          0.606     -0.22625777      -7.1400574
          0.608      -0.2121993      -6.9166789
           0.61     -0.19859106       -6.715514
          0.612     -0.18533724      -6.5707093
          0.614     -0.17230822      -6.4692664
          0.616     -0.15946018      -6.3897278
          0.618     -0.14674931      -6.3320934
           0.62      -0.1341318      -6.2901937
          0.622     -0.12158853      -6.2503656
          0.624     -0.10913034      -6.2075388
          0.626    -0.096758377      -6.1641361
          0.628    -0.084473796      -6.1201575
           0.63    -0.072277747      -6.0387425
          0.632    -0.060318825      -5.8861784
          0.634    -0.048733033      -5.7040473
          0.636    -0.037502636      -5.5307836
          0.638    -0.026609899      -5.3663872
           0.64    -0.016037087      -5.1783713
          0.642   -0.0058964141      -4.9350342
          0.644    0.0037030495      -4.6700414
          0.646     0.012783751      -4.4162724
          0.648     0.021368139      -4.1737273
           0.65     0.029478661      -3.9678043
          0.652     0.037239357      -3.8223141
          0.654     0.044767917      -3.7094773
          0.656     0.052077266      -3.6031019
          0.658     0.059180325      -3.5031878
           0.66     0.066090017      -3.4176129
          0.662     0.072850776      -3.3424478
          0.664     0.079459808      -3.2521051
          0.666     0.085859196      -3.1328036
          0.668     0.091991023      -2.9845434
           0.67      0.09779737      -2.7965335
          0.672      0.10317716      -2.5807122
          0.674      0.10812022      -2.3819641
          0.676      0.11270501      -2.2224448
          0.678         0.11701      -2.1021544
           0.68      0.12111363      -2.0160075
          0.682      0.12507403      -1.9290113
          0.684      0.12882968      -1.8013891
          0.686      0.13227958      -1.6232722
          0.688      0.13532276      -1.3946608
           0.69      0.13785823      -1.1617022
          0.692      0.13996957       -0.986569
          0.694       0.1418045     -0.84715187
          0.696      0.14335818     -0.70531617
          0.698      0.14462577      -0.5610619
            0.7      0.14560243     -0.44443905
          0.702      0.14640352      -0.3876599
          0.704      0.14715307     -0.36391765
          0.706       0.1478592     -0.34424332
          0.708      0.14853004     -0.32863693
           0.71      0.14917374     -0.36072057
          0.712      0.14997292      -0.4308158
          0.714      0.15089701      -0.4153496
          0.716      0.15163432     -0.24404965
          0.718       0.1518732       0.0830841
           0.72      0.15130199      0.47307273
          0.722      0.14998091      0.75166035
          0.724      0.14829534       0.8899107
          0.726      0.14642127      0.94016425
          0.728      0.14453469        0.902421
           0.73      0.14281159      0.82654593
          0.732       0.1412285      0.79148642
          0.734      0.13964564      0.79100135
          0.736       0.1380645      0.78976698
          0.738      0.13648657      0.78778333
           0.74      0.13491336      0.77760225
          0.742      0.13337616       0.7579708
          0.744      0.13188148       0.7456301
          0.746      0.13039364       0.7511259
          0.748      0.12887698       0.7744582
           0.75      0.12729581       0.8409104
          0.752      0.12551334      0.95528382
          0.754      0.12347468       1.0615721
          0.756      0.12126705       1.1242507
          0.758      0.11897767       1.1433198
           0.76      0.11669377       1.1534133
          0.762      0.11436402       1.1913546
          0.764      0.11192835       1.2257929
          0.766      0.10946085       1.2231887
          0.768       0.1070356       1.1835421
           0.77      0.10472668       1.0722155
          0.772      0.10274673       0.9047855
          0.774      0.10110754      0.79121005
          0.776     0.099581894      0.79123345
          0.778     0.097942604      0.90485569
           0.78     0.095962471       1.0723924
          0.782     0.093653034       1.1904292
          0.784     0.091200754       1.2530551
          0.786     0.088640814       1.2980895
          0.788     0.086008396       1.3255324
           0.79     0.083338684       1.3946739
          0.792     0.080429701       1.5251776
          0.794     0.077237974       1.5983143
          0.796     0.074036444       1.5349808
          0.798      0.07109805       1.3351772
            0.8     0.068695735        1.069937
          0.802     0.066818302      0.87748462
          0.804     0.065185796       0.7875723
          0.806     0.063668013      0.76276175
          0.808     0.062134749      0.80305298
           0.81     0.060455801      0.87552319
          0.812     0.058632657      0.92021661
          0.814     0.056774935      0.92950656
          0.816      0.05491463      0.92279935
          0.818     0.053083737      0.90009499
           0.82      0.05131425      0.85519205
          0.822     0.049662969      0.79703479
          0.824     0.048126111      0.75454312
          0.826     0.046644797      0.74149127
          0.828     0.045160146      0.75787925
           0.83      0.04361328      0.84544747
          0.832     0.041778356      0.99083344
          0.834     0.039649946       1.0696424
          0.836     0.037499786       1.0125826
          0.838     0.035599616      0.81965386
           0.84     0.034221171       0.5595673
          0.842     0.033361346      0.36021885
          0.844     0.032780296      0.24167503
          0.846     0.032394646      0.16481735
          0.848     0.032121026      0.12964582
           0.85     0.031876063      0.12764388
          0.852     0.031610451      0.13404977
          0.854     0.031339864      0.13301219
          0.856     0.031078402      0.12492509
          0.858     0.030840164      0.10978847
           0.86     0.030639248     0.093878987
          0.862     0.030464648      0.08635038
          0.864     0.030293847     0.085241532
          0.866     0.030123682     0.085714287
          0.868     0.029950989      0.08776865
           0.87     0.029772607     0.090428055
          0.872     0.029589277     0.092150077
          0.874     0.029404007     0.093062503
          0.876     0.029217027      0.09385896
          0.878     0.029028571     0.094539447
           0.88     0.028838869     0.097637018
          0.882     0.028638023      0.10474454
          0.884     0.028419891      0.11191872
          0.886     0.028190348      0.11615642
          0.888     0.027955266      0.11745764
           0.89     0.027720517      0.11850669
          0.892     0.027481239      0.12726447
          0.894     0.027211459      0.14896155
          0.896     0.026885393      0.18355192
          0.898     0.026477252      0.23103556
            0.9      0.02596125      0.29367253
          0.902     0.025302562      0.36263623
          0.904     0.024510705      0.41903672
          0.906     0.023626415      0.45507063
          0.908     0.022690423      0.47073797
           0.91     0.021743463      0.48108967
          0.912     0.020766064      0.50106063
          0.914      0.01973922      0.51542595
          0.916      0.01870436      0.50907673
          0.918     0.017702913      0.48201296
           0.92     0.016776309       0.4333173
          0.922     0.015969644      0.37798249
          0.924     0.015264379      0.34079094
          0.926      0.01460648        0.330615
          0.928     0.013941919      0.34745468
           0.93     0.013216662      0.37908051
          0.932     0.012425596      0.40718561
          0.934     0.011587919      0.43488335
          0.936     0.010686063       0.4713645
          0.938    0.0097024612      0.51662907
           0.94    0.0086195468      0.60896934
          0.942    0.0072665838       0.7524353
          0.944    0.0056098056      0.85737114
          0.946    0.0038370993      0.86836342
          0.948    0.0021363519      0.78541214
           0.95   0.00069545071      0.66775788
          0.952  -0.00053467958      0.60618731
          0.954   -0.0017292985      0.58877899
          0.956   -0.0028897955       0.5720654
          0.958   -0.0040175601      0.55604653
           0.96   -0.0051139817      0.52513515
          0.962   -0.0061181007       0.4782703
          0.964   -0.0070270629      0.45282867
          0.966   -0.0079294154      0.47166066
          0.968   -0.0089137055      0.53476626
           0.97     -0.01006848      0.62819738
          0.972    -0.011426495      0.71086958
          0.974    -0.012911959      0.75602649
          0.976    -0.014450601      0.76404805
          0.978    -0.015968151      0.73493428
           0.98    -0.017390338      0.69286808
          0.982    -0.018739623      0.67427961
          0.984    -0.020087456      0.67335678
          0.986     -0.02143305      0.67204029
          0.988    -0.022775618      0.67033012
           0.99    -0.024114371      0.66741152
          0.992    -0.025445264      0.66341407
          0.994    -0.026768027       0.6605691
          0.996     -0.02808754      0.66016359
          0.998    -0.029408681      0.66219751
              1     -0.03073633      0.69471121
          1.002    -0.032187526      0.76372215
          1.004    -0.033791219      0.80815566
          1.006    -0.035420149      0.78895996
          1.008    -0.036947059      0.70613506
           1.01    -0.038244689      0.60475685
          1.012    -0.039366086      0.55274111
          1.014    -0.040455654      0.53927174
          1.016    -0.041523173      0.53069277
          1.018    -0.042578425      0.52700421
           1.02     -0.04363119      0.52646253
          1.022    -0.044684275      0.52569108
          1.024    -0.045733954      0.52398365
          1.026    -0.046780209      0.52226721
          1.028    -0.047823023      0.52054175
           1.03    -0.048862376      0.50279973
          1.032    -0.049834222      0.46185917
          1.034    -0.050709813      0.42696588
          1.036    -0.051542085      0.41854016
          1.038    -0.052383974      0.43658202
           1.04    -0.053288413      0.54020662
          1.042      -0.0545448      0.72800403
          1.044     -0.05620043      0.85007142
          1.046    -0.057945086      0.81703103
          1.048    -0.059468554      0.62888288
           1.05    -0.060460617      0.36765013
          1.052    -0.060939154       0.1869035
          1.054    -0.061208231      0.11194116
          1.056    -0.061386919     0.096513755
          1.058    -0.061594286      0.14062126
           1.06    -0.061949404      0.21762954
          1.062    -0.062464805       0.2718388
          1.064    -0.063036759      0.28628475
          1.066    -0.063609944      0.27306871
          1.068    -0.064129034       0.2321907
           1.07    -0.064538706       0.1758936
          1.072    -0.064832608      0.12901073
          1.074    -0.065054749     0.098184878
          1.076    -0.065225348     0.077468365
          1.078    -0.065364623     0.066861197
           1.08    -0.065492793     0.041765253
          1.082    -0.065531684   -0.0089405075
          1.084    -0.065457031    -0.040442325
          1.086    -0.065369915    -0.021403525
          1.088    -0.065371417      0.04817589
           1.09    -0.065562618      0.15775367
          1.092    -0.066002431      0.26533589
          1.094    -0.066623962      0.33428727
          1.096     -0.06733958      0.35942422
          1.098    -0.068061659      0.34074674
            1.1    -0.068702567      0.32174053
          1.102    -0.069348621       0.3356913
          1.104    -0.070045333      0.32381324
          1.106    -0.070643874      0.23752061
          1.108    -0.070995415     0.076813407
           1.11    -0.070951127     -0.13981882
          1.112     -0.07043614     -0.34174435
          1.114     -0.06958415     -0.46923947
          1.116    -0.068559182     -0.51472263
          1.118    -0.067525259     -0.47819383
           1.12    -0.066646407     -0.39669714
          1.122    -0.065938471     -0.34316438
          1.124    -0.065273749     -0.33438305
          1.126    -0.064600939     -0.35125295
          1.128    -0.063868737     -0.39377408
           1.13    -0.063025842     -0.44622777
          1.132    -0.062083826     -0.48103265
          1.134    -0.061101712     -0.49611339
          1.136    -0.060099373      -0.5012573
          1.138    -0.059096682     -0.49646437
           1.14    -0.058113515     -0.48996017
          1.142    -0.057136842     -0.48919233
          1.144    -0.056156746     -0.48476844
          1.146    -0.055197768     -0.46807403
          1.148     -0.05428445     -0.43910908
           1.15    -0.053441332     -0.37821462
          1.152    -0.052771591     -0.28243609
          1.154    -0.052311587     -0.19648902
          1.156    -0.051985635     -0.14838459
          1.158    -0.051718049     -0.13812279
           1.16    -0.051433144     -0.14375546
          1.162    -0.051143027     -0.13492708
          1.164    -0.050893436     -0.12097479
          1.166    -0.050659128     -0.11964312
          1.168    -0.050414863     -0.13093205
           1.17      -0.0501354     -0.19658343
          1.172    -0.049628529     -0.32053827
          1.174    -0.048853247      -0.4043534
          1.176    -0.048011116     -0.38738653
          1.178    -0.047303701     -0.26963766
           1.18    -0.046932565    -0.065545392
          1.182    -0.047041519      0.14226391
          1.184    -0.047501621      0.26594724
          1.186    -0.048105308      0.28584932
          1.188    -0.048645018      0.20197014
           1.19    -0.048913189     0.070445817
          1.192    -0.048926801     -0.00902462
          1.194     -0.04887709     -0.02723284
          1.196     -0.04881787    -0.018533468
          1.198    -0.048802956     0.017073497
            1.2    -0.048886164     0.064884032
          1.202    -0.049062492      0.09759785
          1.204    -0.049276555      0.11102458
          1.206    -0.049506591      0.11357013
          1.208    -0.049730836      0.10523449
           1.21    -0.049927529     0.078058332
          1.212    -0.050043069      0.03687891
          1.214    -0.050075044    0.0088503925
          1.216    -0.050078471      0.00833039
          1.218    -0.050108366       0.0353189
           1.22    -0.050219746      0.14782975
          1.222    -0.050699685      0.35014059
          1.224    -0.051620309      0.50363339
          1.226    -0.052714218      0.52342623
          1.228    -0.053714014      0.40951911
           1.23    -0.054352295      0.23035288
          1.232    -0.054635425      0.09928164
          1.234    -0.054749421     0.015234473
          1.236    -0.054696363    -0.067772825
          1.238     -0.05447833     -0.14974025
           1.24    -0.054097402     -0.21209055
          1.242    -0.053629968     -0.24977493
          1.244    -0.053098302     -0.30166326
          1.246    -0.052423315     -0.39309698
          1.248    -0.051525914      -0.5240761
           1.25     -0.05032701     -0.64404262
          1.252    -0.048949744     -0.68908385
          1.254    -0.047570675     -0.68972575
          1.256    -0.046190841     -0.68984897
          1.258    -0.044811279     -0.68945353
           1.26    -0.043433027     -0.68897686
          1.262    -0.042055372     -0.68884872
          1.264    -0.040677632     -0.68862009
          1.266    -0.039300891     -0.68784965
          1.268    -0.037926233     -0.68653741
           1.27    -0.036554742     -0.63576117
          1.272    -0.035383189     -0.50434394
          1.274    -0.034537366     -0.36782569
          1.276    -0.033911886     -0.28400121
          1.278    -0.033401361     -0.25287051
           1.28    -0.032900404     -0.24055065
          1.282    -0.032439158     -0.20667633
          1.284    -0.032073699     -0.17540687
          1.286    -0.031737531     -0.17738399
          1.288    -0.031364163     -0.21260767
           1.29      -0.0308871     -0.29114229
          1.292    -0.030199593       -0.391223
          1.294    -0.029322208     -0.45504161
          1.296    -0.028379427     -0.45661915
          1.298    -0.027495732     -0.39595562
            1.3    -0.026795605     -0.26402156
          1.302    -0.026439645     -0.10828185
          1.304    -0.026362477    -0.022507393
          1.306    -0.026349616    -0.043974815
          1.308    -0.026186578     -0.17268412
           1.31    -0.025658879     -0.32818679
          1.312    -0.024873831     -0.39375621
          1.314    -0.024083855     -0.39542369
          1.316    -0.023292136     -0.39549869
          1.318     -0.02250186     -0.39398119
           1.32    -0.021716211     -0.39198364
          1.322    -0.020933925     -0.39108539
          1.324     -0.02015187     -0.39087432
          1.326    -0.019370428     -0.39047146
          1.328    -0.018589984      -0.3898768
           1.33    -0.017810921     -0.37767572
          1.332    -0.017079281       -0.348863
          1.334    -0.016415469      -0.3244673
          1.336    -0.015781412     -0.31910795
          1.338    -0.015139037     -0.33278492
           1.34    -0.014450272     -0.38646292
          1.342    -0.013593185     -0.47312387
          1.344    -0.012557777     -0.52982893
          1.346     -0.01147387       -0.521622
          1.348    -0.010471289     -0.44850311
           1.35   -0.0096798572     -0.34762914
          1.352    -0.009080772     -0.28045158
          1.354   -0.0085580509     -0.24625546
          1.356   -0.0080957502     -0.22003121
          1.358   -0.0076779261      -0.2017788
           1.36    -0.007288635     -0.17947031
          1.362   -0.0069600448      -0.1488156
          1.364   -0.0066933726     -0.13344932
          1.366   -0.0064262476     -0.14926833
          1.368   -0.0060962992     -0.19627262
           1.37   -0.0056411571     -0.25218183
          1.372   -0.0050875719     -0.28246035
          1.374   -0.0045113157     -0.29100568
          1.376   -0.0039235492     -0.29397059
          1.378   -0.0033354333     -0.29135507
           1.38   -0.0027581289     -0.30500074
          1.382   -0.0021154304     -0.33904594
          1.384   -0.0014019452     -0.34509408
          1.386  -0.00073505404     -0.29245187
          1.388  -0.00023213767     -0.18111932
           1.39  -1.0576761e-05    -0.062346231
          1.392   1.7247249e-05   -0.0084468877
          1.394    2.321079e-05   0.00023181218
          1.396   1.6320001e-05    0.0044074415
          1.398   5.5810237e-06    0.0040800002
            1.4               0    0.0013952559
          1.402               0               0
          1.404               0               0
          1.406               0               0
          1.408               0               0
           1.41               0               0
          1.412               0               0
          1.414               0               0
          1.416               0               0
          1.418               0               0
           1.42               0               0
          1.422               0               0
          1.424               0               0
          1.426               0               0
          1.428               0               0
           1.43               0               0
          1.432               0               0
          1.434               0               0
          1.436               0               0
          1.438               0               0
           1.44               0               0
          1.442               0               0
          1.444               0               0
          1.446               0               0
          1.448               0               0
           1.45               0               0
          1.452               0               0
          1.454               0               0
          1.456               0               0
          1.458               0               0
           1.46               0               0
          1.462               0               0
          1.464               0               0
          1.466               0               0
          1.468               0               0
           1.47               0               0
          1.472               0               0
          1.474               0               0
          1.476               0               0
          1.478               0               0
           1.48               0               0
          1.482               0               0
          1.484               0               0
          1.486               0               0
          1.488               0               0
           1.49               0               0
          1.492               0               0
          1.494               0               0
          1.496               0               0
          1.498               0               0
            1.5               0               0
          1.502               0               0
          1.504               0               0
          1.506               0               0
          1.508               0               0
           1.51               0               0
          1.512               0               0
          1.514               0               0
          1.516               0               0
          1.518               0               0
           1.52               0               0
          1.522               0               0
          1.524               0               0
          1.526               0               0
          1.528               0               0
           1.53               0               0
          1.532               0               0
          1.534               0               0
          1.536               0               0
          1.538               0               0
           1.54               0               0
          1.542               0               0
          1.544               0               0
          1.546               0               0
          1.548               0               0
           1.55               0               0
          1.552               0               0
          1.554               0               0
          1.556               0               0
          1.558               0               0
           1.56               0               0
          1.562               0               0
          1.564               0               0
          1.566               0               0
          1.568               0               0
           1.57               0               0
          1.572               0               0
          1.574               0               0
          1.576               0               0
          1.578               0               0
           1.58               0               0
          1.582               0               0
          1.584               0               0
          1.586               0               0
          1.588               0               0
           1.59               0               0
          1.592               0               0
          1.594               0               0
          1.596               0               0
          1.598               0               0
            1.6               0               0
          1.602               0               0
          1.604               0               0
          1.606               0               0
          1.608               0               0
           1.61               0               0
          1.612               0               0
          1.614               0               0
          1.616               0               0
          1.618               0               0
           1.62               0               0
          1.622               0               0
          1.624               0               0
          1.626               0               0
          1.628               0               0
           1.63               0               0
          1.632               0               0
          1.634               0               0
          1.636               0               0
          1.638               0               0
           1.64               0               0
          1.642               0               0
          1.644               0               0
          1.646               0               0
          1.648               0               0
           1.65               0               0
          1.652               0               0
          1.654               0               0
          1.656               0               0
          1.658               0               0
           1.66               0               0
          1.662               0               0
          1.664               0               0
          1.666               0               0
          1.668               0               0
           1.67               0               0
          1.672               0               0
          1.674               0               0
          1.676               0               0
          1.678               0               0
           1.68               0               0
          1.682               0               0
          1.684               0               0
          1.686               0               0
          1.688               0               0
           1.69               0               0
          1.692               0               0
          1.694               0               0
          1.696               0               0
          1.698               0               0
            1.7               0               0
          1.702               0               0
          1.704               0               0
          1.706               0               0
          1.708               0               0
           1.71               0               0
          1.712               0               0
          1.714               0               0
          1.716               0               0
          1.718               0               0
           1.72               0               0
          1.722               0               0
          1.724               0               0
          1.726               0               0
          1.728               0               0
           1.73               0               0
          1.732               0               0
          1.734               0               0
          1.736               0               0
          1.738               0               0
           1.74               0               0
          1.742               0               0
          1.744               0               0
          1.746               0               0
          1.748               0               0
           1.75               0               0
          1.752               0               0
          1.754               0               0
          1.756               0               0
          1.758               0               0
           1.76               0               0
          1.762               0               0
          1.764               0               0
          1.766               0               0
          1.768               0               0
           1.77               0               0
          1.772               0               0
          1.774               0               0
          1.776               0               0
          1.778               0               0
           1.78               0               0
          1.782               0               0
          1.784               0               0
          1.786               0               0
          1.788               0               0
           1.79               0               0
          1.792               0               0
          1.794               0               0
          1.796               0               0
          1.798               0               0
            1.8               0               0
          1.802               0               0
          1.804               0               0
          1.806               0               0
          1.808               0               0
           1.81               0               0
          1.812               0               0
          1.814               0               0
          1.816               0               0
          1.818               0               0
           1.82               0               0
          1.822               0               0
          1.824               0               0
          1.826               0               0
          1.828               0               0
           1.83               0               0
          1.832               0               0
          1.834               0               0
          1.836               0               0
          1.838               0               0
           1.84               0               0
          1.842               0               0
          1.844               0               0
          1.846               0               0
          1.848               0               0
           1.85               0               0
          1.852               0               0
          1.854               0               0
          1.856               0               0
          1.858               0               0
           1.86               0               0
          1.862               0               0
          1.864               0               0
          1.866               0               0
          1.868               0               0
           1.87               0               0
          1.872               0               0
          1.874               0               0
          1.876               0               0
          1.878               0               0
           1.88               0               0
          1.882               0               0
          1.884               0               0
          1.886               0               0
          1.888               0               0
           1.89               0               0
          1.892               0               0
          1.894               0               0
          1.896               0               0
          1.898               0               0
            1.9               0               0
          1.902               0               0
          1.904               0               0
          1.906               0               0
          1.908               0               0
           1.91               0               0
          1.912               0               0
          1.914               0               0
          1.916               0               0
          1.918               0               0
           1.92               0               0
          1.922               0               0
          1.924               0               0
          1.926               0               0
          1.928               0               0
           1.93               0               0
          1.932               0               0
          1.934               0               0
          1.936               0               0
          1.938               0               0
           1.94               0               0
          1.942               0               0
          1.944               0               0
          1.946               0               0
          1.948               0               0
           1.95               0               0
          1.952               0               0
          1.954               0               0
          1.956               0               0
          1.958               0               0
           1.96               0               0
          1.962               0               0
          1.964               0               0
          1.966               0               0
          1.968               0               0
           1.97               0               0
          1.972               0               0
          1.974               0               0
          1.976               0               0
          1.978               0               0
           1.98               0               0
          1.982               0               0
          1.984               0               0
          1.986               0               0
          1.988               0               0
           1.99               0               0
          1.992               0               0
          1.994               0               0
          1.996               0               0
          1.998               0               0
              2               0               0
