          0.002       24306.173        497872.5
          0.004       23327.202       480560.49
          0.006       22383.931       462173.32
          0.008       21478.509       442710.98
           0.01       20613.087       423892.76
          0.012       19782.938       407510.57
          0.014       18983.045       391954.16
          0.016       18215.121       375540.59
          0.018       17480.882       358269.88
           0.02       16782.042       342532.65
          0.022       16110.752       330486.97
          0.024       15460.094       319393.24
          0.026       14833.179       306744.51
          0.028       14233.116       292540.78
           0.03       13663.016       279156.97
          0.032       13116.488       269064.32
          0.034       12586.758       260032.41
          0.036       12076.358       249734.51
          0.038        11587.82       238170.62
           0.04       11123.676       227274.25
          0.042       10678.723       219057.37
          0.044       10247.446       211704.09
          0.046       9831.9069       203320.11
          0.048        9434.166       193905.42
           0.05       9056.2852        185034.2
          0.052       8694.0292       178344.46
          0.054       8342.9074       172357.83
          0.056       8004.5979       165532.05
          0.058       7680.7792       157867.13
           0.06       7373.1294       150644.67
          0.062       7078.2005       145198.25
          0.064       6792.3364       140324.26
          0.066       6516.9035       134767.09
          0.068        6253.268       128526.74
           0.07       6002.7965        122646.6
          0.072       5762.6816       118212.43
          0.074       5529.9468        114244.3
          0.076       5305.7044       109719.96
          0.078        5091.067        104639.4
           0.08       4887.1468       99852.121
          0.082       4691.6585       96242.063
          0.084       4502.1786       93011.426
          0.086       4319.6128       89327.954
          0.088       4144.8668       85191.645
           0.09       3978.8462       81294.106
          0.092       3819.6903       78354.995
          0.094       3665.4262       75724.788
          0.096       3516.7912       72725.908
          0.098       3374.5226       69358.353
            0.1       3239.3578        66185.19
          0.102       3109.7818       63792.328
          0.104       2984.1885       61650.959
          0.106        2863.178       59209.435
          0.108       2747.3507       56467.757
           0.11        2637.307       53884.342
          0.112       2531.8133       51936.206
          0.114       2429.5621        50192.82
          0.116       2331.0421       48205.065
          0.118       2236.7419       45972.942
           0.12       2147.1503       43869.669
          0.122       2061.2632       42283.603
          0.124       1978.0159       40864.234
          0.126       1897.8063       39245.914
          0.128       1821.0322       37428.641
           0.13       1748.0917       35716.272
          0.132       1678.1671       34424.984
          0.134       1610.3918       33269.412
          0.136       1545.0895       31951.865
          0.138       1482.5843       30472.341
           0.14       1423.2001       29078.224
          0.142       1366.2714       28026.929
          0.144       1311.0924       27086.126
          0.146       1257.9269       26013.451
          0.148       1207.0386       24808.905
           0.15       1158.6913       23673.891
          0.152        1112.343       22817.984
          0.154       1067.4193       22052.034
          0.156       1024.1349       21178.721
          0.158       982.70446       20198.046
           0.16       943.34272        19273.98
          0.162       905.60853       18577.148
          0.164       869.03413       17953.554
          0.166       833.79432        17242.55
          0.168       800.06393       16444.138
           0.17       768.01777       15691.815
          0.172       737.29667       15124.492
          0.174        707.5198       14616.796
          0.176       678.82948       14037.936
          0.178       651.36805       13387.913
           0.18       625.27783       12775.413
          0.182        600.2664        12313.53
          0.184       576.02371       11900.192
          0.186       552.66564       11428.916
          0.188       530.30805       10899.703
           0.19       509.06683       10401.039
          0.192       488.70389       10024.999
          0.194       468.96683       9688.4815
          0.196       449.94997       9304.7947
          0.198       431.74765       8873.9385
            0.2       414.45421       8467.9536
          0.202       397.87584       8161.8028
          0.204         381.807       7887.8288
          0.206       366.32452       7575.4522
          0.208       351.50519       7224.6727
           0.21       337.42583       6894.1421
          0.212       323.92863        6644.891
          0.214       310.84627       6421.8365
          0.216       298.24128       6167.5166
          0.218        286.1762       5881.9312
           0.22       274.71356       5612.8314
          0.222       263.72487       5409.9048
          0.224       253.07394       5228.3061
          0.226       242.81165       5021.2528
          0.228       232.98892        4788.745
           0.23       223.65667       4569.6587
          0.232       214.71029        4404.447
          0.234       206.03888       4256.5993
          0.236       197.68389       4088.0279
          0.238       189.68677       3898.7328
           0.24       182.08896       3720.3648
          0.242       174.80531       3585.8585
          0.244       167.74553       3465.4891
          0.246       160.94335       3328.2475
          0.248       154.43254       3174.1339
           0.25       148.24682       3028.9165
          0.252       142.31687       2919.4088
          0.254       136.56918       2821.4106
          0.256       131.03123       2709.6761
          0.258       125.73048       2584.2052
           0.26       120.69441       2465.9772
          0.262       115.86657       2376.8221
          0.264       111.18712       2297.0374
          0.266       106.67842       2206.0693
          0.268       102.36284       2103.9178
           0.27       98.262749        2007.663
          0.272        94.33219       1935.0779
          0.274       90.522438       1870.1215
          0.276       86.851704       1796.0603
          0.278       83.338197       1712.8942
           0.28       80.000127       1634.5288
          0.282       76.800081        1575.434
          0.284       73.698391       1522.5501
          0.286       70.709881       1462.2535
          0.288       67.849377       1394.5442
           0.29       65.131704       1330.7435
          0.292       62.526403       1282.6317
          0.294       60.001177       1239.5766
          0.296       57.568097       1190.4864
          0.298       55.239232       1135.3612
            0.3       53.026652       1083.4182
          0.302       50.905559       1044.2482
          0.304       48.849659       1009.1951
          0.306       46.868779       969.22857
          0.308       44.972745       924.34868
           0.31       43.171384       882.05949
          0.312       41.444507       850.16947
          0.314       39.770706       821.63114
          0.316       38.157982        789.0926
          0.318       36.614336       752.55386
           0.32       35.147767       718.12433
          0.322       33.741838       692.16123
          0.324       32.379122       668.92689
          0.326       31.066131        642.4358
          0.328       29.809379       612.68797
           0.33       28.615379       584.37901
          0.332       27.471862       562.68461
          0.334        26.36464       543.62932
          0.336       25.297345       522.75757
          0.338        24.27361       500.06935
           0.34       23.297068       471.35706
          0.342       22.388182        439.4428
          0.344       21.539297       419.07877
          0.346       20.711867       417.98744
          0.348       19.867347       436.16882
           0.35       18.967191       475.52275
          0.352       17.965256       521.80635
          0.354       16.879966       548.90572
          0.356       15.769633       546.84966
          0.358       14.692567       515.63817
           0.36        13.70708       468.10584
          0.362       12.820144       427.03961
          0.364       11.998922       394.53343
          0.366        11.24201        362.7289
          0.368       10.548006         331.626
           0.37       9.9155063       306.10303
          0.372       9.3235941       289.75179
          0.374       8.7564992       275.76431
          0.376       8.2205369       258.61907
          0.378       7.7220229       238.31607
           0.38       7.2672726       220.30684
          0.382       6.8407955       210.28412
          0.384       6.4261361       203.15821
          0.386       6.0281627       193.59819
          0.388       5.6517434       181.60406
           0.39       5.3017464       170.36916
          0.392       4.9702667       163.36194
          0.394       4.6482987        157.8017
          0.396       4.3390599       150.63266
          0.398        4.045768       141.85483
            0.4       3.7716406       133.37829
          0.402       3.5122548       127.36491
          0.404        3.262181       122.28223
          0.406       3.0231259       116.34607
          0.408       2.7967967       109.55641
           0.41       2.5849003       103.20779
          0.412       2.3839655       98.661707
          0.414       2.1902534       94.724036
          0.416       2.0050694       90.133719
          0.418       1.8297186       84.890754
           0.42       1.6655064       79.974696
          0.422       1.5098198       76.406361
          0.424       1.3598809       73.268087
          0.426       1.2167474       69.600953
          0.428       1.0814771       65.404957
           0.43      0.95512761       61.431816
          0.432      0.83574983       58.496118
          0.434      0.72114314       55.940465
          0.436      0.61198798       53.044579
          0.438      0.50896482       49.808462
           0.44      0.41275413        46.77117
          0.442      0.32188014       44.476721
          0.444      0.23484725       42.393492
          0.446      0.15230617       39.984904
          0.448      0.07490763       37.250957
           0.45     0.003302343       34.643543
          0.452    -0.063666541       32.644189
          0.454     -0.12727441       30.845455
          0.456     -0.18704836       28.810266
          0.458     -0.24251548       26.538622
           0.46     -0.29320285       24.416776
          0.462     -0.34018258       22.846122
          0.464     -0.38458734       21.463114
          0.466     -0.42603504       19.889067
          0.468     -0.46414361       18.123983
           0.47     -0.49853097       16.481306
          0.472     -0.53006883       15.270973
          0.474     -0.55961486       14.174274
          0.476     -0.58676593       12.876008
          0.478     -0.61111889       11.376175
           0.48     -0.63227063       9.9563605
          0.482     -0.65094434       8.9230674
          0.484      -0.6679629       8.0320857
          0.486     -0.68307268       7.0142881
          0.488     -0.69602005       5.8696746
           0.49     -0.70655138       4.8221351
          0.492     -0.71530859       4.0937509
          0.494     -0.72292638       3.4579189
          0.496     -0.72914027       2.6898449
          0.498     -0.73368576       1.7895289
            0.5     -0.73629838      0.94552885
          0.502     -0.73746788      0.35901215
          0.504     -0.73773443     -0.13966543
          0.506     -0.73690921      -0.7327573
          0.508      -0.7348034      -1.4202634
           0.51     -0.73122816      -2.0479464
          0.512     -0.72661162      -2.4620803
          0.514     -0.72137984      -2.8176697
          0.516     -0.71534094      -3.2692076
          0.518     -0.70830301      -3.8166943
           0.52     -0.70007416       -4.324914
          0.522     -0.69100335      -4.6407487
          0.524     -0.68151117      -4.8725605
          0.526     -0.67151311      -5.1466138
          0.528     -0.66092471      -5.4629084
           0.53     -0.64966148      -5.7205007
          0.532     -0.63804271      -5.8467819
          0.534     -0.62627435      -5.9851981
          0.536     -0.61410191      -6.2508605
          0.538     -0.60127091      -6.6437691
           0.54     -0.58752684      -7.0234071
          0.542     -0.57317728      -7.1972907
          0.544     -0.55873768      -7.2279858
          0.546     -0.54426534      -7.2300261
          0.548     -0.52981757      -7.2034113
           0.55     -0.51545169      -7.1528355
          0.552     -0.50120623      -7.1049233
          0.554       -0.487032      -7.0878769
          0.556     -0.47285472      -7.1079679
          0.558     -0.45860013      -7.1651962
           0.56     -0.44419394      -7.2821967
          0.562     -0.42947134      -7.4519199
          0.564     -0.41438626       -7.607204
          0.566     -0.39904252      -7.7105717
          0.568     -0.38354397      -7.7620232
           0.57     -0.36799443      -7.8099514
          0.572     -0.35230416      -7.8910512
          0.574     -0.33643023      -7.9393818
          0.576     -0.32054664      -7.9007012
          0.578     -0.30482742      -7.7750092
           0.58      -0.2894466      -7.6335833
          0.582     -0.27429309      -7.5767138
          0.584     -0.25913975      -7.5766433
          0.586     -0.24398652       -7.576601
          0.588     -0.22883334       -7.576587
           0.59     -0.21368017      -7.5765928
          0.592     -0.19852697      -7.5765902
          0.594     -0.18337381      -7.5765585
          0.596     -0.16822074      -7.5764962
          0.598     -0.15306782      -7.5764033
            0.6     -0.13791512      -7.4895572
          0.602     -0.12310959      -7.2612713
          0.604     -0.10887004      -7.0263224
          0.606    -0.095004303      -6.8874514
          0.608    -0.081320232      -6.8446584
           0.61     -0.06762567      -6.8453405
          0.612     -0.05393887      -6.8041801
          0.614    -0.040408949      -6.7247076
          0.616     -0.02704004      -6.6431681
          0.618    -0.013836277      -6.5595617
           0.62  -0.00080179323      -6.4337917
          0.622      0.01189889      -6.2348916
          0.624     0.024137773      -6.0166537
          0.626     0.035965505      -5.8237399
          0.628     0.047432733      -5.6561501
           0.63     0.058590105      -5.4875273
          0.632     0.069382842      -5.2935939
          0.634     0.079764481       -5.103826
          0.636     0.089798146      -4.9456201
          0.638     0.099546961      -4.8189765
           0.64      0.10907405      -4.7005279
          0.642      0.11834907      -4.5501125
          0.644       0.1272745      -4.3659051
          0.646      0.13581269      -4.1628751
          0.648        0.143926      -3.9410228
           0.65      0.15157678      -3.6836782
          0.652      0.15866072       -3.389364
          0.654      0.16513424      -3.0975382
          0.656      0.17105087      -2.8324668
          0.658      0.17646411      -2.5941498
           0.66      0.18142747      -2.3971968
          0.662      0.18605289      -2.2358365
          0.664      0.19037081      -2.0648881
          0.666      0.19431245      -1.8595515
          0.668      0.19780902      -1.6198267
           0.67      0.20079175      -1.3875777
          0.672      0.20335933      -1.2163831
          0.674      0.20565729      -1.0819507
          0.676      0.20768713      -0.9482734
          0.678      0.20945038      -0.8153513
           0.68      0.21094854     -0.70003455
          0.682      0.21225052      -0.6080284
          0.684      0.21338065     -0.50576537
          0.686      0.21427358     -0.37082293
          0.688      0.21486394     -0.20320105
           0.69      0.21508638    -0.036838275
          0.692       0.2150113      0.09448465
          0.694      0.21470844      0.22494295
          0.696      0.21411152        0.388554
          0.698      0.21315423      0.58531785
            0.7      0.21177025       0.7532182
          0.702      0.21014136       0.8194772
          0.704      0.20849234      0.82996895
          0.706      0.20682148      0.84132895
          0.708      0.20512703       0.8535572
           0.71      0.20340725      0.85783953
          0.712      0.20169567       0.8515564
          0.714      0.20000103      0.85281405
          0.716      0.19828441      0.87352398
          0.718      0.19650693      0.91368622
           0.72      0.19462967       0.9738275
          0.722      0.19261162        1.038071
          0.724      0.19047739       1.0812848
          0.726      0.18828648       1.0947404
          0.728      0.18609842       1.0784379
           0.73      0.18397273       1.0537758
          0.732      0.18188332       1.0469284
          0.734      0.17978502       1.0436607
          0.736      0.17770868        1.024962
          0.738      0.17568517      0.99083212
           0.74      0.17374535      0.95395145
          0.742      0.17186936      0.93328283
          0.744      0.17001222      0.92557005
          0.746      0.16816708      0.92127417
          0.748      0.16632712      0.92039518
           0.75       0.1644855      0.91991675
          0.752      0.16264745      0.91674332
          0.754      0.16081853      0.91377255
          0.756      0.15899236      0.91398125
          0.758       0.1571626      0.91736935
           0.76      0.15532289      0.96597807
          0.762      0.15329869       1.0720331
          0.764      0.15103475       1.1487701
          0.766      0.14870361         1.13924
          0.768      0.14647779        1.043443
           0.77      0.14452984       0.9230417
          0.772      0.14278563      0.86942113
          0.774      0.14105215       0.8655017
          0.776      0.13932362      0.86448167
          0.778      0.13759423      0.86636103
           0.78      0.13585818       0.8695245
          0.782      0.13411613      0.87154597
          0.784      0.13237199      0.87282445
          0.786      0.13062483      0.87456977
          0.788      0.12887371        0.876782
           0.79       0.1271177      0.93334083
          0.792      0.12514035       1.0633983
          0.794      0.12286411       1.1609834
          0.796      0.12049642       1.1548526
          0.798       0.1182447       1.0450058
            0.8      0.11631639      0.89987375
          0.802       0.1146452       0.8262794
          0.804      0.11301128       0.8133807
          0.806      0.11139168       0.8119432
          0.808       0.1097635      0.82196693
           0.81      0.10810381      0.83712297
          0.812      0.10641501      0.84625008
          0.814      0.10471881      0.84842872
          0.816       0.1030213       0.8475717
          0.818      0.10132853      0.84367898
           0.82      0.09964658      0.83340638
          0.822     0.097994902         0.81564
          0.824      0.09638402       0.7970696
          0.826     0.094806623      0.78215453
          0.828     0.093255402      0.77089479
           0.83     0.091723044      0.75325768
          0.832     0.090242371      0.71915664
          0.834     0.088846417      0.67854364
          0.836     0.087528196      0.64142448
          0.838      0.08628072      0.60779916
           0.84        0.085097      0.56242462
          0.842     0.084031021      0.50149297
          0.844     0.083091028          0.4574
          0.846     0.082201421      0.45110635
          0.848     0.081286602      0.48261202
           0.85     0.080270973      0.55340656
          0.852     0.079072976      0.63372255
          0.854     0.077736083      0.67518488
          0.856     0.076372237      0.66067548
          0.858     0.075093381      0.59019434
           0.86     0.074011459      0.49015165
          0.862     0.073132774      0.41481916
          0.864     0.072352183      0.37957905
          0.866     0.071614458      0.37195193
          0.868     0.070864375      0.39193779
           0.87     0.070046707      0.43536694
          0.872     0.069122907      0.47871859
          0.874     0.068131833      0.49713584
          0.876     0.067134364      0.48511287
          0.878     0.066191381      0.44264968
           0.88     0.065363765      0.37781654
          0.882     0.064680115      0.31477036
          0.884     0.064104684      0.26957082
          0.886     0.063601832      0.24219094
          0.888      0.06313592      0.23263073
           0.89     0.062671309      0.23522459
          0.892     0.062195021      0.23327635
          0.894     0.061738203      0.21590575
          0.896     0.061331398      0.18326307
          0.898     0.061005151      0.13534833
            0.9     0.060790005       0.0619348
          0.902     0.060757412    -0.033203718
          0.904      0.06092282     -0.11883967
          0.906      0.06123277     -0.17774605
          0.908     0.061633804     -0.20992286
           0.91     0.062072462     -0.22533886
          0.912      0.06253516     -0.24246705
          0.914      0.06304233     -0.26409505
          0.916      0.06359154     -0.28450623
          0.918     0.064180355     -0.30370059
           0.92     0.064806342     -0.35000867
          0.922      0.06558039     -0.43325013
          0.924     0.066539343     -0.49732809
          0.926     0.067569702     -0.50465657
          0.928     0.068557969     -0.45523556
           0.93     0.069390644     -0.35409612
          0.932     0.069974353      -0.2276408
          0.934     0.070301208     -0.10289582
          0.936     0.070385937     0.014484123
          0.938     0.070243271      0.12449901
           0.94     0.069887941      0.22657104
          0.942     0.069336987      0.32840965
          0.944     0.068574302      0.44302358
          0.946     0.067564893      0.57513428
          0.948     0.066273765      0.72474174
           0.95     0.064665926       0.8547103
          0.952     0.062854924      0.92029375
          0.954     0.060984751      0.94721203
          0.956     0.059066076      0.96879555
          0.958     0.057109568      0.98504433
           0.96     0.055125898      0.99199279
          0.962     0.053141597      0.99566605
          0.964     0.051143234       1.0150157
          0.966     0.049081535       1.0590026
          0.968     0.046907224       1.1276268
           0.97     0.044571027       1.2628215
          0.972     0.041855938       1.4708953
          0.974     0.038687446        1.656478
          0.976     0.035230026       1.7598239
          0.978      0.03164815       1.7809332
           0.98     0.028106293       1.8070027
          0.982      0.02442014        1.916191
          0.984     0.020441529       2.0077431
          0.986     0.016389167       1.9899429
          0.988     0.012481758       1.8627903
           0.99    0.0089380058       1.6045401
          0.992    0.0060635974       1.2363115
          0.994    0.0039927597      0.84414697
          0.996    0.0026870095      0.47122401
          0.998    0.0021078637      0.11754264
              1     0.002216839     -0.15650019
          1.002    0.0027338644     -0.28503357
          1.004    0.0033569733     -0.32024351
          1.006    0.0040148385     -0.31978997
          1.008    0.0046361332     -0.28367296
           1.01    0.0051495303     -0.24036973
          1.012    0.0055976121     -0.22447935
          1.014    0.0060474477     -0.21670726
          1.016    0.0064644411     -0.19163708
          1.018     0.006813996     -0.14926881
           1.02    0.0070615163    -0.082053393
          1.022    0.0071422096    0.0099423833
          1.024    0.0070217468      0.10774572
          1.026    0.0067112267      0.19999965
          1.028    0.0062217482      0.28670417
           1.03      0.00556441      0.35775284
          1.032    0.0047907368       0.3989988
          1.034    0.0039684148       0.4144879
          1.036    0.0031327852      0.41230639
          1.038    0.0023191893      0.39245426
           1.04    0.0015629682      0.36611373
          1.042   0.00085473435      0.35158378
          1.044   0.00015663308      0.34835731
          1.046   -0.0005386949      0.34881049
          1.048   -0.0012386089       0.3529433
           1.05   -0.0019504681      0.36552229
          1.052    -0.002700698      0.38559207
          1.054   -0.0034928364      0.39980326
          1.056   -0.0042999111      0.40052837
          1.058   -0.0050949499      0.38776741
           1.06   -0.0058509807      0.33812357
          1.062   -0.0064474442      0.25150378
          1.064   -0.0068569958      0.18626041
          1.066   -0.0071924858      0.17744215
          1.068   -0.0075667644      0.22504898
           1.07   -0.0080926817      0.32396395
          1.072   -0.0088626202      0.42862362
          1.074   -0.0098071762      0.48347516
          1.076    -0.010796521      0.47341227
          1.078    -0.011700825      0.39843495
           1.08    -0.012390261      0.29835545
          1.082    -0.012894247      0.24022875
          1.084    -0.013351176      0.22510669
          1.086    -0.013794674      0.22679837
          1.088    -0.014258369      0.24530381
           1.09    -0.014775889      0.26830339
          1.092    -0.015331583      0.27788181
          1.094    -0.015887416      0.27796515
          1.096    -0.016443443      0.27807515
          1.098    -0.016999717      0.27821183
            1.1    -0.017556291      0.27850528
          1.102    -0.018113738      0.27897404
          1.104    -0.018672187      0.27932065
          1.106    -0.019231021      0.27935922
          1.108    -0.019789624      0.27908975
           1.11     -0.02034738      0.27456545
          1.112    -0.020887885      0.25733689
          1.114    -0.021376727      0.22459695
          1.116    -0.021786273      0.17804111
          1.118    -0.022088892      0.11766938
           1.12    -0.022256951     0.059431932
          1.122    -0.022326619     0.026706682
          1.124    -0.022363778     0.014685085
          1.126     -0.02238536     0.011130838
          1.128    -0.022408301      0.01604394
           1.13    -0.022449536     0.024663935
          1.132    -0.022506957      0.02979446
          1.134    -0.022568713     0.032542135
          1.136    -0.022637125      0.03644948
          1.138    -0.022714511     0.041516493
           1.14    -0.022803191     0.080525422
          1.142    -0.023036613      0.16449264
          1.144    -0.023461162      0.22798706
          1.146    -0.023948561       0.2273435
          1.148    -0.024370536      0.16256194
           1.15    -0.024598809     0.075331657
          1.152    -0.024671862     0.028695597
          1.154    -0.024713591      0.01299504
          1.156    -0.024723842     -0.00278243
          1.158    -0.024702462    -0.018636815
           1.16    -0.024649295    -0.031555052
          1.162    -0.024576241    -0.037741087
          1.164    -0.024498331    -0.039033468
          1.166    -0.024420108    -0.038053753
          1.168    -0.024346116    -0.034801947
           1.17      -0.0242809    -0.030801568
          1.172     -0.02422291    -0.028376045
          1.174    -0.024167396     -0.02720172
          1.176    -0.024114103     -0.02615502
          1.178    -0.024062776    -0.025235948
           1.18    -0.024013159     -0.02023447
          1.182    -0.023981838   -0.0098333225
          1.184    -0.023973826    -0.002581715
          1.186    -0.023971511   -0.0041360675
          1.188    -0.023957281    -0.014496377
           1.19    -0.023913525    -0.032170842
          1.192    -0.023828598    -0.051565977
          1.194    -0.023707261    -0.068021095
          1.196    -0.023556514    -0.080977172
          1.198    -0.023383353    -0.090434205
            1.2    -0.023194777    -0.096785312
          1.202    -0.022996211     -0.10092671
          1.204     -0.02279107      -0.1032199
          1.206    -0.022583332     -0.10352332
          1.208    -0.022376977     -0.10183697
           1.21    -0.022175984     -0.09918127
          1.212    -0.021980252     -0.09668215
          1.214    -0.021789255    -0.093477457
          1.216    -0.021606342    -0.088599527
          1.218    -0.021434857    -0.082048365
           1.22    -0.021278148    -0.061717473
          1.222    -0.021187987    -0.024421945
          1.224     -0.02118046      0.00434935
          1.226    -0.021205385      0.00802913
          1.228    -0.021212577    -0.013382607
           1.23    -0.021151854    -0.043642578
          1.232    -0.021038007     -0.05796818
          1.234    -0.020919982    -0.059793723
          1.236    -0.020798832     -0.06109283
          1.238     -0.02067561    -0.061865503
           1.24     -0.02055137    -0.062660555
          1.242    -0.020424968    -0.064264658
          1.244    -0.020294311    -0.066485775
          1.246    -0.020159025    -0.068894015
          1.248    -0.020018735     -0.07148938
           1.25    -0.019873067       -0.099927
          1.252    -0.019619027     -0.16518174
          1.254     -0.01921234      -0.2195781
          1.256    -0.018740715     -0.23012082
          1.258    -0.018291857      -0.1968099
           1.26    -0.017953475      -0.1286576
          1.262    -0.017777227      -0.0609195
          1.264    -0.017709797    -0.023948278
          1.266    -0.017681434    -0.021853305
          1.268    -0.017622384     -0.05463458
           1.27    -0.017462895     -0.11843305
          1.272    -0.017148652     -0.18557541
          1.274    -0.016720594      -0.2241994
          1.276    -0.016251854     -0.22625695
          1.278    -0.015815566     -0.19174806
           1.28    -0.015484862     -0.11778297
          1.282    -0.015344434    -0.031804138
          1.284    -0.015357645     0.017800292
          1.286    -0.015415635     0.012974423
          1.288    -0.015409543     -0.04628174
           1.29    -0.015230508     -0.14325958
          1.292    -0.014836505     -0.22872653
          1.294    -0.014315602      -0.2706053
          1.296    -0.013754083     -0.26934257
          1.298    -0.013238232     -0.22493831
            1.3     -0.01285433     -0.16152803
          1.302     -0.01259212     -0.12175555
          1.304    -0.012367308     -0.10924791
          1.306    -0.012155128     -0.10912379
          1.308    -0.011930813      -0.1213832
           1.31    -0.011669595     -0.14738761
          1.312    -0.011341262     -0.17767437
          1.314    -0.010958898     -0.19464576
          1.316    -0.010562679      -0.1915282
          1.318    -0.010192785     -0.16832171
           1.32   -0.0098893925     -0.11371573
          1.322   -0.0097379221    -0.038460108
          1.324   -0.0097355521     0.013043944
          1.326   -0.0097900978     0.018455663
          1.328   -0.0098093747    -0.022224951
           1.33    -0.009701198    -0.083777258
          1.332   -0.0094742657     -0.12443207
          1.334   -0.0092034697     -0.14458722
          1.336   -0.0088959168     -0.16118906
          1.338   -0.0085587135      -0.1742376
           1.34   -0.0081989664     -0.20033423
          1.342   -0.0077573766     -0.24505775
          1.344   -0.0072187354     -0.27527287
          1.346   -0.0066562851     -0.26886691
          1.348   -0.0061432678     -0.22583988
           1.35   -0.0057529256     -0.13848692
          1.352   -0.0055893201    -0.032560251
          1.354   -0.0056226846     0.034049696
          1.356   -0.0057255189     0.036909545
          1.358   -0.0057703228    -0.023980705
           1.36   -0.0056295961     -0.10872533
          1.362   -0.0053354214     -0.15337705
          1.364   -0.0050160879     -0.16175424
          1.366   -0.0046884045     -0.16172685
          1.368   -0.0043691805     -0.15329488
           1.37    -0.004075225     -0.13845875
          1.372   -0.0038153455     -0.12451415
          1.374   -0.0035771684     -0.11740352
          1.376   -0.0033457314     -0.11777405
          1.378   -0.0031060721     -0.12562575
           1.38   -0.0028432284      -0.1659729
          1.382   -0.0024421805     -0.24121316
          1.384   -0.0018783758     -0.29240723
          1.386   -0.0012725516     -0.28323249
          1.388   -0.0007454458     -0.21368894
           1.39  -0.00041779588     -0.12280334
          1.392  -0.00025423242    -0.070547732
          1.394  -0.00013560495    -0.049313197
          1.396  -5.6979633e-05    -0.030545589
          1.398  -1.3422599e-05    -0.014244908
            1.4               0   -0.0033556498
          1.402               0               0
          1.404               0               0
          1.406               0               0
          1.408               0               0
           1.41               0               0
          1.412               0               0
          1.414               0               0
          1.416               0               0
          1.418               0               0
           1.42               0               0
          1.422               0               0
          1.424               0               0
          1.426               0               0
          1.428               0               0
           1.43               0               0
          1.432               0               0
          1.434               0               0
          1.436               0               0
          1.438               0               0
           1.44               0               0
          1.442               0               0
          1.444               0               0
          1.446               0               0
          1.448               0               0
           1.45               0               0
          1.452               0               0
          1.454               0               0
          1.456               0               0
          1.458               0               0
           1.46               0               0
          1.462               0               0
          1.464               0               0
          1.466               0               0
          1.468               0               0
           1.47               0               0
          1.472               0               0
          1.474               0               0
          1.476               0               0
          1.478               0               0
           1.48               0               0
          1.482               0               0
          1.484               0               0
          1.486               0               0
          1.488               0               0
           1.49               0               0
          1.492               0               0
          1.494               0               0
          1.496               0               0
          1.498               0               0
            1.5               0               0
          1.502               0               0
          1.504               0               0
          1.506               0               0
          1.508               0               0
           1.51               0               0
          1.512               0               0
          1.514               0               0
          1.516               0               0
          1.518               0               0
           1.52               0               0
          1.522               0               0
          1.524               0               0
          1.526               0               0
          1.528               0               0
           1.53               0               0
          1.532               0               0
          1.534               0               0
          1.536               0               0
          1.538               0               0
           1.54               0               0
          1.542               0               0
          1.544               0               0
          1.546               0               0
          1.548               0               0
           1.55               0               0
          1.552               0               0
          1.554               0               0
          1.556               0               0
          1.558               0               0
           1.56               0               0
          1.562               0               0
          1.564               0               0
          1.566               0               0
          1.568               0               0
           1.57               0               0
          1.572               0               0
          1.574               0               0
          1.576               0               0
          1.578               0               0
           1.58               0               0
          1.582               0               0
          1.584               0               0
          1.586               0               0
          1.588               0               0
           1.59               0               0
          1.592               0               0
          1.594               0               0
          1.596               0               0
          1.598               0               0
            1.6               0               0
          1.602               0               0
          1.604               0               0
          1.606               0               0
          1.608               0               0
           1.61               0               0
          1.612               0               0
          1.614               0               0
          1.616               0               0
          1.618               0               0
           1.62               0               0
          1.622               0               0
          1.624               0               0
          1.626               0               0
          1.628               0               0
           1.63               0               0
          1.632               0               0
          1.634               0               0
          1.636               0               0
          1.638               0               0
           1.64               0               0
          1.642               0               0
          1.644               0               0
          1.646               0               0
          1.648               0               0
           1.65               0               0
          1.652               0               0
          1.654               0               0
          1.656               0               0
          1.658               0               0
           1.66               0               0
          1.662               0               0
          1.664               0               0
          1.666               0               0
          1.668               0               0
           1.67               0               0
          1.672               0               0
          1.674               0               0
          1.676               0               0
          1.678               0               0
           1.68               0               0
          1.682               0               0
          1.684               0               0
          1.686               0               0
          1.688               0               0
           1.69               0               0
          1.692               0               0
          1.694               0               0
          1.696               0               0
          1.698               0               0
            1.7               0               0
          1.702               0               0
          1.704               0               0
          1.706               0               0
          1.708               0               0
           1.71               0               0
          1.712               0               0
          1.714               0               0
          1.716               0               0
          1.718               0               0
           1.72               0               0
          1.722               0               0
          1.724               0               0
          1.726               0               0
          1.728               0               0
           1.73               0               0
          1.732               0               0
          1.734               0               0
          1.736               0               0
          1.738               0               0
           1.74               0               0
          1.742               0               0
          1.744               0               0
          1.746               0               0
          1.748               0               0
           1.75               0               0
          1.752               0               0
          1.754               0               0
          1.756               0               0
          1.758               0               0
           1.76               0               0
          1.762               0               0
          1.764               0               0
          1.766               0               0
          1.768               0               0
           1.77               0               0
          1.772               0               0
          1.774               0               0
          1.776               0               0
          1.778               0               0
           1.78               0               0
          1.782               0               0
          1.784               0               0
          1.786               0               0
          1.788               0               0
           1.79               0               0
          1.792               0               0
          1.794               0               0
          1.796               0               0
          1.798               0               0
            1.8               0               0
          1.802               0               0
          1.804               0               0
          1.806               0               0
          1.808               0               0
           1.81               0               0
          1.812               0               0
          1.814               0               0
          1.816               0               0
          1.818               0               0
           1.82               0               0
          1.822               0               0
          1.824               0               0
          1.826               0               0
          1.828               0               0
           1.83               0               0
          1.832               0               0
          1.834               0               0
          1.836               0               0
          1.838               0               0
           1.84               0               0
          1.842               0               0
          1.844               0               0
          1.846               0               0
          1.848               0               0
           1.85               0               0
          1.852               0               0
          1.854               0               0
          1.856               0               0
          1.858               0               0
           1.86               0               0
          1.862               0               0
          1.864               0               0
          1.866               0               0
          1.868               0               0
           1.87               0               0
          1.872               0               0
          1.874               0               0
          1.876               0               0
          1.878               0               0
           1.88               0               0
          1.882               0               0
          1.884               0               0
          1.886               0               0
          1.888               0               0
           1.89               0               0
          1.892               0               0
          1.894               0               0
          1.896               0               0
          1.898               0               0
            1.9               0               0
          1.902               0               0
          1.904               0               0
          1.906               0               0
          1.908               0               0
           1.91               0               0
          1.912               0               0
          1.914               0               0
          1.916               0               0
          1.918               0               0
           1.92               0               0
          1.922               0               0
          1.924               0               0
          1.926               0               0
          1.928               0               0
           1.93               0               0
          1.932               0               0
          1.934               0               0
          1.936               0               0
          1.938               0               0
           1.94               0               0
          1.942               0               0
          1.944               0               0
          1.946               0               0
          1.948               0               0
           1.95               0               0
          1.952               0               0
          1.954               0               0
          1.956               0               0
          1.958               0               0
           1.96               0               0
          1.962               0               0
          1.964               0               0
          1.966               0               0
          1.968               0               0
           1.97               0               0
          1.972               0               0
          1.974               0               0
          1.976               0               0
          1.978               0               0
           1.98               0               0
          1.982               0               0
          1.984               0               0
          1.986               0               0
          1.988               0               0
           1.99               0               0
          1.992               0               0
          1.994               0               0
          1.996               0               0
          1.998               0               0
              2               0               0
