          0.002       22287.423       447155.66
          0.004       21407.925       431877.68
          0.006       20559.912       415670.53
          0.008       19745.243       398534.22
           0.01       18965.775       381955.82
          0.012       18217.419       367483.92
          0.014       17495.839       353723.78
          0.016       16802.524       339219.08
          0.018       16138.963       323969.84
           0.02       15506.645       310052.96
          0.022       14898.751       299342.43
          0.024       14309.275       289456.98
          0.026       13740.923       278218.22
          0.028       13196.402       265626.17
           0.03       12678.419       253751.19
          0.032       12181.398       244745.96
          0.034       11699.435       236663.49
          0.036       11234.744       227474.55
          0.038       10789.537       217179.14
           0.04       10366.027       207470.02
          0.042       9959.6566       200107.23
          0.044       9565.5982       193498.91
          0.046        9185.661       185985.92
          0.048       8821.6545       177568.27
           0.05        8475.388       169629.97
          0.052       8143.1346       163610.07
          0.054       7820.9477       158207.03
          0.056       7510.3065       152064.32
          0.058       7212.6904       145181.94
           0.06       6929.5787        138691.5
          0.062       6657.9244       133769.55
          0.064       6394.5005       129351.96
          0.066       6140.5166       124329.61
          0.068       5897.1821       118702.49
           0.07       5665.7066       113395.83
          0.072       5443.5988       109371.59
          0.074       5228.2203       105759.71
          0.076       5020.5599       101653.38
          0.078       4821.6067       97052.582
           0.08       4632.3496       92713.789
          0.082       4450.7516       89423.521
          0.084       4274.6555       86470.408
          0.086         4104.87       83113.019
          0.088       3942.2034       79351.354
           0.09       3787.4645       75803.905
          0.092       3638.9878       73113.742
          0.094       3495.0096       70699.242
          0.096       3356.1909         67954.2
          0.098       3223.1928       64878.618
            0.1       3096.6764       61978.181
          0.102         2975.28       59778.672
          0.104       2857.5617       57804.547
          0.106       2744.0619       55560.168
          0.108        2635.321       53045.535
           0.11       2531.8797       50674.103
          0.112       2432.6246       48875.758
          0.114       2336.3767        47261.69
          0.116       2243.5779       45426.659
          0.118         2154.67       43370.665
           0.12       2070.0952       41431.754
          0.122        1988.943       39961.406
          0.124       1910.2496       38641.724
          0.126       1834.3761       37141.381
          0.128        1761.684       35460.376
           0.13       1692.5346       33875.098
          0.132       1626.1837       32672.924
          0.134       1561.8429       31593.937
          0.136       1499.8079       30367.238
          0.138        1440.374       28992.828
           0.14       1383.8366       27696.686
          0.142       1329.5872       26713.774
          0.144       1276.9815       25831.581
          0.146       1226.2609       24828.618
          0.148        1177.667       23704.883
           0.15       1131.4414       22645.143
          0.152       1087.0865       21841.502
          0.154       1044.0754        21120.21
          0.156       1002.6056       20300.175
          0.158       962.87467       19381.397
           0.16       925.08003        18514.94
          0.162       888.81491       17857.874
          0.164       853.64854       17268.137
          0.166       819.74237       16597.667
          0.168       787.25787       15846.462
           0.17       756.35652       15138.037
          0.172       726.70572       14600.811
          0.174       697.95327       14118.636
          0.176       670.23118       13570.451
          0.178       643.67147       12956.257
           0.18       618.40615        12377.04
          0.182       594.16331       11937.798
          0.184       570.65496       11543.566
          0.186       547.98904       11095.363
          0.188        526.2735       10593.191
           0.19       505.61628       10119.616
          0.192       485.79504        9760.487
          0.194       466.57433       9438.1576
          0.196       448.04241        9071.702
          0.198       430.28752       8661.1201
            0.2       413.39793       8273.9196
          0.202       397.19184       7980.2911
          0.204       381.47676       7716.7508
          0.206       366.32484       7417.1323
          0.208       351.80823       7081.4356
           0.21        337.9991       6764.8558
          0.212       324.74881       6524.7816
          0.214       311.89997       6309.3079
          0.216       299.51158       6064.3362
          0.218       287.64263       5789.8666
           0.22       276.35211       5531.0271
          0.222       265.51852       5334.7396
          0.224       255.01315       5158.5657
          0.226       244.88426       4958.2739
          0.228       235.18006       4733.8643
           0.23        225.9488       4522.2341
          0.232       217.09112        4361.747
          0.234       208.50181       4217.7051
          0.236        200.2203       4053.9442
          0.238       192.28603       3870.4641
           0.24       184.73844       3697.4327
          0.242        177.4963       3566.2166
          0.244       170.47358       3448.4463
          0.246       163.70252       3314.5534
          0.248       157.21536       3164.5379
           0.25       151.04437       3023.0653
          0.252        145.1231       2915.7814
          0.254       139.38124        2819.491
          0.256       133.84514       2710.0185
          0.258       128.54117       2587.3641
           0.26       123.49568       2471.6944
          0.262       118.65439       2383.9779
          0.264       113.95977       2305.2496
          0.266       109.43339       2215.7436
          0.268        105.0968       2115.4599
           0.27       100.97155        2020.887
          0.272        97.01325       1949.1689
          0.274       93.174875       1884.7997
          0.276       89.474051       1811.6185
          0.278       85.928401       1729.6253
           0.28       82.555549       1652.3014
          0.282       79.319195       1593.6638
          0.284       76.180894       1541.0348
          0.286       73.155056        1481.201
          0.288        70.25609       1414.1624
           0.29       67.498406       1350.9414
          0.292       64.852324       1302.9986
          0.294       62.286412       1259.9685
          0.296        59.81245       1211.0477
          0.298       57.442221       1156.2361
            0.3       55.187506       1104.5459
          0.302       53.024038       1065.3473
          0.304       50.926117       1030.1654
          0.306       48.903376       990.16711
          0.308       46.965448        945.3525
           0.31       45.121966       903.08997
          0.312       43.353088       871.04071
          0.314       41.637803       842.27555
          0.316       39.983986        809.5725
          0.318       38.399513       772.93154
           0.32        36.89226       738.37717
          0.322       35.446005       712.17332
          0.324       34.043567       688.65458
          0.326       32.691386       661.91617
          0.328       31.395902       631.95808
           0.33       30.163554       603.31065
          0.332       28.982659       581.09533
          0.334       27.839173       561.66845
          0.336       26.735986       540.79522
          0.338       25.675992       518.47567
           0.34       24.662083       489.86431
          0.342       23.716534       457.17166
          0.344       22.833396       435.82714
          0.346       21.973226       434.20419
          0.348        21.09658       452.30282
           0.35       20.164015       495.23432
          0.352       19.115642       549.19552
          0.354       17.967232       580.70344
          0.356       16.792829       575.18955
          0.358       15.666474       532.65384
           0.36       14.662213       471.16517
          0.362       13.781814       422.59307
          0.364       12.971841       389.56966
          0.366       12.223535       360.92644
          0.368       11.528135        336.6634
           0.37       10.876881       319.69616
          0.372       10.249351       309.95771
          0.374       9.6370505        300.0585
          0.376       9.0491166       285.59158
          0.378       8.4946842       266.55696
           0.38       7.9828887       247.69294
          0.382       7.5039124       234.62121
          0.384       7.0444039       223.92856
          0.386       6.6081982       211.31837
          0.388       6.1991304       196.79065
           0.39       5.8210356       183.54216
          0.392       5.4649618       174.90333
          0.394       5.1214223       167.87794
          0.396         4.79345       159.33606
          0.398        4.484078        149.2777
            0.4       4.1963392       140.00145
          0.402       3.9240722       133.92344
          0.404       3.6606454       128.92144
          0.406       3.4083865       122.75562
          0.408        3.169623       115.42599
           0.41       2.9466825       108.49475
          0.412       2.7356439        103.6532
          0.414       2.5320697       99.532754
          0.416       2.3375129       94.635755
          0.418       2.1535267       88.962202
           0.42       1.9816641       83.597035
          0.422       1.8191386       79.725776
          0.424        1.662761        76.41436
          0.426       1.5134811       72.628139
          0.428       1.3722485       68.367112
           0.43       1.2400127       64.376025
          0.432       1.1147444        61.40077
          0.434      0.99440959       58.698322
          0.436      0.87995107       55.524508
          0.438      0.77231156       51.879327
           0.44      0.67243376       48.391003
          0.442      0.57874754       45.750233
          0.444      0.48943283       43.422507
          0.446      0.40505752       40.810839
          0.448      0.32618948       37.915231
           0.45      0.25339659       35.251207
          0.452      0.18518465       33.320359
          0.454      0.12011516       31.586263
          0.456     0.058839596       29.526427
          0.458    0.0020094483        27.14085
           0.46    -0.049723805       24.897681
          0.462    -0.097581275       23.301347
          0.464     -0.14292919       21.938119
          0.466     -0.18533375       20.357988
          0.468     -0.22436114       18.560955
           0.47     -0.25957757       16.908405
          0.472     -0.29199476       15.765728
          0.474     -0.32264048       14.777549
          0.476     -0.35110496       13.584487
          0.478     -0.37697843       12.186542
           0.48     -0.39985113       10.879338
          0.482     -0.42049579       9.9740279
          0.484     -0.43974724       9.1982757
          0.486     -0.45728889       8.2642204
          0.488     -0.47280412       7.1718622
           0.49     -0.48597634       6.1654563
          0.492     -0.49746595       5.5006636
          0.494     -0.50797899       4.9503378
          0.496      -0.5172673       4.2759262
          0.498      -0.5250827        3.477429
            0.5     -0.53117701       2.7375628
          0.502     -0.53603295        2.258586
          0.504     -0.54021136       1.8870941
          0.506     -0.54358132       1.4501412
          0.508     -0.54601192      0.94772713
           0.51     -0.54737223      0.48800015
          0.512     -0.54796392       0.1700635
          0.514     -0.54805249     -0.12779813
          0.516     -0.54745273     -0.51825522
          0.518     -0.54597947      -1.0013078
           0.52      -0.5434475      -1.4795101
          0.522     -0.54006142      -1.8267757
          0.524      -0.5361404      -2.0975894
          0.526     -0.53167107      -2.3750766
          0.528     -0.52664009      -2.6592373
           0.53     -0.52103412       -2.890625
          0.532     -0.51507759      -3.0391539
          0.534      -0.5088775      -3.2083114
          0.536     -0.50224434      -3.4722243
          0.538     -0.49498861      -3.8308926
           0.54     -0.48692077      -4.1896166
          0.542     -0.47823014      -4.4188044
          0.544     -0.46924556      -4.5608177
          0.546     -0.45998687      -4.6929101
          0.548     -0.45047392      -4.8150814
           0.55     -0.44072654      -4.8939858
          0.552     -0.43089797      -4.9238734
          0.554     -0.42103105      -4.9794842
          0.556     -0.41098004      -5.1079621
          0.558      -0.4005992      -5.3093071
           0.56     -0.38974281      -5.5210045
          0.562     -0.37851518      -5.6538363
          0.564     -0.36712746      -5.7302628
          0.566     -0.35559413      -5.7994472
          0.568     -0.34392967      -5.8613893
           0.57     -0.33214857      -5.9067617
          0.572     -0.32030263      -5.9290661
          0.574     -0.30843231      -5.9418747
          0.576     -0.29653513      -5.9559299
          0.578     -0.28460859      -5.9712316
           0.58      -0.2726502      -5.9923785
          0.582     -0.26063908      -6.0244104
          0.584     -0.24855256      -6.0633904
          0.586     -0.23638551      -6.1049406
          0.588      -0.2241328      -6.1490609
           0.59     -0.21178927      -6.2817865
          0.592     -0.19900565      -6.5288443
          0.594     -0.18567389      -6.7137368
          0.596     -0.17215071      -6.7202746
          0.598      -0.1587928      -6.5484577
            0.6     -0.14595687      -6.2925501
          0.602      -0.1336226      -6.1238363
          0.604     -0.12146153      -6.0635839
          0.606     -0.10936826      -6.0560397
          0.608     -0.09723737      -6.1012034
           0.61    -0.084963446      -6.1861422
          0.612    -0.072492802      -6.2667503
          0.614    -0.059896444      -6.3092026
          0.616    -0.047255991      -6.3108457
          0.618    -0.034653061      -6.2716797
           0.62    -0.022169273      -6.1796225
          0.622   -0.0099345715       -6.037443
          0.624    0.0019804993      -5.8795001
          0.626     0.013583429      -5.7253018
          0.628     0.024881706      -5.5748479
           0.63     0.035882821      -5.4022852
          0.632     0.046490847      -5.1925008
          0.634     0.056652824      -4.9874585
          0.636     0.066440681      -4.8183818
          0.638     0.075926351      -4.6852705
           0.64     0.085181764      -4.5743019
          0.642     0.094223558      -4.4625793
          0.644      0.10303208       -4.350316
          0.646      0.11162482      -4.2467983
          0.648      0.12001927      -4.1520262
           0.65      0.12823293      -4.0417918
          0.652      0.13618644       -3.887198
          0.654      0.14378172      -3.7054188
          0.656      0.15100812      -3.5183173
          0.658      0.15785499      -3.3258935
           0.66      0.16431169        -3.10478
          0.662      0.17027411      -2.8365829
          0.664      0.17565802      -2.5521306
          0.666      0.18048263      -2.2772777
          0.668      0.18476713       -2.012024
           0.67      0.18853073      -1.7793534
          0.672      0.19188455      -1.6017279
          0.674      0.19493764      -1.4553818
          0.676      0.19770607      -1.3170708
          0.678      0.20020592      -1.1867949
           0.68      0.20245325      -1.0968984
          0.682      0.20459352      -1.0420478
          0.684      0.20662144     -0.93338192
          0.686      0.20832704     -0.71971763
          0.688      0.20950032     -0.40105485
           0.69      0.20993126    -0.074309525
          0.692      0.20979755      0.12113987
          0.694       0.2094467      0.21851552
          0.696      0.20892349       0.2935022
          0.698      0.20827269      0.34609985
            0.7      0.20753909       0.3597825
          0.702      0.20683356      0.34508185
          0.704      0.20615876      0.35911023
          0.706      0.20539712      0.43192232
          0.708      0.20443107      0.56351818
           0.71      0.20314305       0.7185035
          0.712      0.20155706      0.82874068
          0.714      0.19982809      0.88050892
          0.716      0.19803503      0.89283082
          0.718      0.19625676      0.86570638
           0.72       0.1945722      0.81232285
          0.722      0.19300747      0.76839183
          0.724      0.19149863      0.75451238
          0.726      0.18998942      0.76875938
          0.728      0.18842359      0.81113282
           0.73      0.18674489      0.87073168
          0.732      0.18494067      0.92394767
          0.734       0.1830491      0.96262095
          0.736      0.18109018      0.99129888
          0.738      0.17908391       1.0099814
           0.74      0.17705026       1.0258221
          0.742      0.17498062       1.0442776
          0.744      0.17287315       1.0556497
          0.746      0.17075802       1.0519368
          0.748       0.1686654       1.0331388
           0.75      0.16662546       1.0052968
          0.752      0.16464421      0.98099475
          0.754      0.16270149       0.9640063
          0.756      0.16078819      0.95156193
          0.758      0.15889524      0.94366165
           0.76      0.15701354      0.91798112
          0.762      0.15522331      0.86778438
          0.764       0.1535424      0.83877848
          0.766       0.1518682      0.86108202
          0.768      0.15009808        0.934695
           0.77      0.14812942       1.0219938
          0.772       0.1460101       1.0668946
          0.774      0.14386184       1.0793308
          0.776      0.14169278        1.087696
          0.778      0.13951106       1.0919901
           0.78      0.13732482       1.0930732
          0.782      0.13513876       1.0931667
          0.784      0.13295215       1.0934528
          0.786      0.13076495       1.0937523
          0.788      0.12857714       1.0940653
           0.79      0.12638869       1.1002233
          0.792      0.12417625       1.1131734
          0.794        0.121936       1.1197573
          0.796      0.11969722       1.1117014
          0.798      0.11748919       1.0890055
            0.8       0.1153412       1.0407924
          0.802      0.11332602      0.97184843
          0.804       0.1114538      0.91654618
          0.806      0.10965984      0.89359475
          0.808      0.10787942      0.90299418
           0.81      0.10604786      0.94000755
          0.812      0.10411939      0.97841615
          0.814       0.1021342      0.99073407
          0.816      0.10015646      0.97095723
          0.818     0.098250368      0.91908561
           0.82     0.096480116       0.8264162
          0.822     0.094944703      0.71245302
          0.824     0.093630304      0.62820973
          0.826     0.092431864      0.59649292
          0.828     0.091244332      0.61730259
           0.83     0.089962654      0.66640953
          0.832     0.088578694      0.69846669
          0.834     0.087168787      0.70602657
          0.836     0.085754588       0.7027595
          0.838     0.084357749      0.68866547
           0.84     0.082999926      0.65795753
          0.842     0.081725919      0.61124036
          0.844     0.080554964      0.56388824
          0.846     0.079470366       0.5248839
          0.848     0.078455429      0.49422734
           0.85     0.077493457      0.47183377
          0.852     0.076568094      0.45011841
          0.854     0.075692983      0.41791611
          0.856     0.074896429      0.37156167
          0.858     0.074206736      0.31105511
           0.86     0.073652209      0.25525579
          0.862     0.073185713      0.22932652
          0.864     0.072734903      0.22386311
          0.866     0.072290261      0.22315788
          0.868     0.071842271      0.22721085
           0.87     0.071381417      0.23498924
          0.872     0.070902314      0.24223542
          0.874     0.070412476      0.24514485
          0.876     0.069921735      0.24313786
          0.878     0.069439924      0.23621445
           0.88     0.068976877      0.21735625
          0.882     0.068570499      0.18364369
          0.884     0.068242302       0.1482433
          0.886     0.067977526      0.12022284
          0.888     0.067761411     0.099582293
           0.89     0.067579197     0.085345122
          0.892      0.06742003     0.074809355
          0.894     0.067279959     0.066363395
          0.896     0.067154577      0.06012107
          0.898     0.067039475     0.056082378
            0.9     0.066930247     0.036518343
          0.902     0.066893402     -0.00192363
          0.904     0.066937942    -0.019949978
          0.906     0.066973202    0.0073564775
          0.908     0.066908516     0.079995732
           0.91     0.066653219      0.16197903
          0.912       0.0662606      0.20078091
          0.914     0.065850095      0.20758508
          0.916     0.065430259      0.21011194
          0.918     0.065009647      0.20836151
           0.92     0.064596813      0.20434943
          0.922      0.06419225      0.20181081
          0.924      0.06378957      0.20130917
          0.926     0.063387013      0.20168859
          0.928     0.062982816      0.20294906
           0.93     0.062575217      0.21099175
          0.932     0.062138849      0.23061027
          0.934     0.061652776      0.25424211
          0.936      0.06112188      0.27543233
          0.938     0.060551046      0.29418093
           0.94     0.059945157      0.31029806
          0.942     0.059309854      0.32350003
          0.944     0.058651157      0.33383589
          0.946      0.05797451      0.34144859
          0.948     0.057285362      0.34633811
           0.95     0.056589158      0.34823071
          0.952     0.055892439      0.34986295
          0.954     0.055189706      0.35602409
          0.956     0.054468343      0.36849306
          0.958     0.053715734      0.38726983
           0.96     0.052919264      0.41615531
          0.962     0.052051113       0.4508289
          0.964     0.051115948      0.47530746
          0.966     0.050149883      0.48172938
          0.968     0.049189031      0.47009462
           0.97     0.048269504      0.45061738
          0.972     0.047386561      0.43885561
          0.974     0.046514082      0.43261083
          0.976     0.045656118      0.42434074
          0.978     0.044816719      0.41404536
           0.98     0.043999936      0.39173111
          0.982     0.043249795      0.35658686
          0.984     0.042573589      0.33237995
          0.986     0.041920275      0.33369521
          0.988     0.041238808      0.36053263
           0.99     0.040478144      0.39926155
          0.992     0.039641762      0.42493979
          0.994     0.038778385      0.43423077
          0.996     0.037904839       0.4351094
          0.998     0.037037947      0.42757569
              1     0.036194536      0.41487591
          1.002     0.035378444      0.40447406
          1.004      0.03457664      0.39945042
          1.006     0.033780642      0.39866759
          1.008     0.032981969      0.40212557
           1.01      0.03217214      0.41839067
          1.012     0.031308407      0.44791667
          1.014     0.030380473      0.46996847
          1.016     0.029428533      0.47192346
          1.018     0.028492779      0.45378167
           1.02     0.027613406      0.39503809
          1.022     0.026912627      0.30207918
          1.024     0.026405089      0.23574708
          1.026     0.025969639      0.22999246
          1.028      0.02548512      0.28481534
           1.03     0.024830377      0.38651465
          1.032     0.023939061       0.4826357
          1.034     0.022899834      0.52874918
          1.036     0.021824064      0.51917936
          1.038     0.020823117      0.45392623
           1.04     0.020008359      0.37333424
          1.042      0.01932978      0.33716929
          1.044     0.018659682      0.33421911
          1.046     0.017992904      0.33384998
          1.048     0.017324282       0.3360619
           1.05     0.016648656      0.34062789
          1.052     0.015961771      0.34542419
          1.054     0.015266959      0.34783265
          1.056      0.01457044      0.34713184
          1.058     0.013878432      0.34332178
           1.06     0.013197153       0.3023771
          1.062     0.012668923      0.21302114
          1.064     0.012345068      0.14340232
          1.066     0.012095314      0.13892033
          1.068     0.011789387      0.19957518
           1.07     0.011297013      0.28934844
          1.072     0.010631993      0.34544717
          1.074    0.0099152248        0.363728
          1.076    0.0091770813       0.3668221
          1.078    0.0084479364      0.35472947
           1.08    0.0077581634      0.34062318
          1.082    0.0070854436      0.33703316
          1.084    0.0064100308      0.32982155
          1.086    0.0057661574      0.30549369
          1.088     0.005188056      0.26404957
           1.09    0.0047099592      0.20839974
          1.092    0.0043544571       0.1548546
          1.094    0.0040905408       0.1206034
          1.096    0.0038720435      0.10943553
          1.098    0.0036527986      0.12135098
            1.1    0.0033866395      0.14355399
          1.102    0.0030785827      0.15663983
          1.104    0.0027600802      0.16349092
          1.106     0.002424619      0.17359855
          1.108     0.002065686      0.18696275
           1.11     0.001676768      0.22885252
          1.112    0.0011502759      0.30595044
          1.114   0.00045296628      0.36510782
          1.116  -0.00031015536      0.37176243
          1.118   -0.0010340834      0.32591427
           1.12   -0.0016138124      0.25701404
          1.122   -0.0020621396      0.21216577
          1.124   -0.0024624755      0.18839877
          1.126   -0.0028157347      0.16508902
          1.128   -0.0031228316      0.14223649
           1.13   -0.0033846807      0.11338545
          1.132   -0.0035763734     0.079524734
          1.134   -0.0037027796     0.058276989
          1.136   -0.0038094813     0.059820272
          1.138   -0.0039420607     0.084154583
           1.14   -0.0041460997      0.13427081
          1.142   -0.0044791439      0.19247384
          1.144    -0.004915995      0.22474383
          1.146   -0.0053781192       0.2177469
          1.148   -0.0057869826      0.17148306
           1.15   -0.0060640514      0.10890306
          1.152   -0.0062225949     0.069943497
          1.154   -0.0063438254      0.05713236
          1.156   -0.0064511243     0.056011797
          1.158   -0.0065678726     0.066581807
           1.16   -0.0067174515     0.086686336
          1.162    -0.006914618      0.10543541
          1.164   -0.0071391932       0.1118842
          1.166   -0.0073621548      0.10382181
          1.168   -0.0075544804     0.081248235
           1.17   -0.0076871477     0.055125179
          1.172   -0.0077749811     0.041711519
          1.174   -0.0078539938     0.037991313
          1.176   -0.0079269464     0.035651448
          1.178   -0.0079965996     0.034691925
           1.18   -0.0080657141     0.034535697
          1.182   -0.0081347424     0.034079555
          1.184   -0.0082020323     0.033111303
          1.186   -0.0082671876     0.031944905
          1.188   -0.0083298119     0.030580361
           1.19    -0.008389509     0.018049461
          1.192   -0.0084020097   -0.0097924878
          1.194   -0.0083503391    -0.031742005
          1.196   -0.0082750417    -0.033419122
          1.198   -0.0082166626    -0.014823839
            1.2   -0.0082157464     0.019818636
          1.202   -0.0082959371     0.053645366
          1.204   -0.0084303278     0.071924965
          1.206    -0.008583637     0.072563776
          1.208   -0.0087205829     0.055561799
           1.21   -0.0088058842     0.031484482
          1.212   -0.0088465209     0.017047637
          1.214   -0.0088740747      0.01091136
          1.216   -0.0088901663     0.005585385
          1.218   -0.0088964163    0.0010697103
           1.22   -0.0088944452   -0.0069532505
          1.222   -0.0088686033    -0.020093512
          1.224   -0.0088140711    -0.029972129
          1.226   -0.0087487147    -0.030917728
          1.228   -0.0086904002     -0.02293031
           1.23   -0.0086569935    0.0079339245
          1.232   -0.0087221359     0.060029811
          1.234   -0.0088971127      0.09603011
          1.236   -0.0091062563     0.094196542
          1.238   -0.0092738989     0.054529108
           1.24   -0.0093243728     -0.01232013
          1.242   -0.0092246184    -0.073038891
          1.244   -0.0090322172     -0.10428892
          1.246   -0.0088074627     -0.10539216
          1.248   -0.0086106486     -0.07634862
           1.25   -0.0085020682     -0.03462183
          1.252   -0.0084721612    -0.010230805
          1.254    -0.008461145   -0.0045452497
          1.256   -0.0084539802   -0.0063793797
          1.258   -0.0084356275    -0.015733195
           1.26   -0.0083910475    -0.026091026
          1.262   -0.0083312634    -0.029885135
          1.264   -0.0082715069    -0.032053092
          1.266    -0.008203051    -0.038584534
          1.268   -0.0081171688    -0.049479461
           1.27   -0.0080051332    -0.060014787
          1.272   -0.0078771096     -0.06401263
          1.274   -0.0077490827    -0.064013875
          1.276   -0.0076210541    -0.064014207
          1.278   -0.0074930258    -0.064013626
           1.28   -0.0073649996    -0.064012232
          1.282   -0.0072369769    -0.064010703
          1.284   -0.0071089568    -0.064009811
          1.286   -0.0069809377    -0.064009749
          1.288   -0.0068529178    -0.064010516
           1.29   -0.0067248956     -0.07746955
          1.292   -0.0065430396     -0.10885529
          1.294   -0.0062894745      -0.1312268
          1.296   -0.0060181324     -0.12663214
          1.298   -0.0057829459    -0.095071305
            1.3   -0.0056378472    -0.054272472
          1.302    -0.005565856    -0.031834958
          1.304   -0.0055105074    -0.024837321
          1.306   -0.0054665067    -0.020486966
          1.308   -0.0054285595    -0.018783893
           1.31   -0.0053913712    -0.017142952
          1.312   -0.0053599877    -0.013347565
          1.314   -0.0053379809    -0.010535743
          1.316   -0.0053178447    -0.011476925
          1.318   -0.0052920732     -0.01617111
           1.32   -0.0052531603    -0.040880399
          1.322   -0.0051285516    -0.089013448
          1.324   -0.0048971065     -0.12502799
          1.326   -0.0046284396      -0.1262352
          1.328   -0.0043921657    -0.092635079
           1.33   -0.0042578993    -0.046321408
          1.332   -0.0042068801    -0.022160166
          1.334   -0.0041692587    -0.017215873
          1.336   -0.0041380166    -0.015780851
          1.338   -0.0041061353    -0.017855098
           1.34   -0.0040665962    -0.022368189
          1.342   -0.0040166625    -0.026995072
          1.344   -0.0039586159    -0.030924231
          1.346   -0.0038929656    -0.034598778
          1.348   -0.0038202208    -0.038018712
           1.35   -0.0037408907    -0.090791103
          1.352   -0.0034570564     -0.21237739
          1.354   -0.0028913812     -0.30795205
          1.356   -0.0022252482     -0.31283522
          1.358   -0.0016400403     -0.22702688
           1.36   -0.0013171407    -0.079128365
          1.362   -0.0013235269     0.051170263
          1.364   -0.0015218217      0.11583727
          1.366   -0.0017868759      0.11792962
          1.368   -0.0019935402     0.057447315
           1.37   -0.0020166652    -0.025458543
          1.372    -0.001891706    -0.069712657
          1.374   -0.0017378145    -0.084079811
          1.376   -0.0015553868    -0.098248995
          1.378   -0.0013448186     -0.11222021
           1.38   -0.0011065059      -0.1436344
          1.382  -0.00077028098     -0.19459882
          1.384  -0.00032811065       -0.224172
          1.386   0.00012640701     -0.20694615
          1.388   0.00049967394     -0.14292126
           1.39   0.00069809206    -0.044221236
          1.392   0.00067655888     0.047069115
          1.394    0.0005098156     0.098132295
          1.396    0.0002840297      0.10611173
          1.398   8.5368673e-05     0.071007425
            1.4               0     0.021342168
          1.402               0               0
          1.404               0               0
          1.406               0               0
          1.408               0               0
           1.41               0               0
          1.412               0               0
          1.414               0               0
          1.416               0               0
          1.418               0               0
           1.42               0               0
          1.422               0               0
          1.424               0               0
          1.426               0               0
          1.428               0               0
           1.43               0               0
          1.432               0               0
          1.434               0               0
          1.436               0               0
          1.438               0               0
           1.44               0               0
          1.442               0               0
          1.444               0               0
          1.446               0               0
          1.448               0               0
           1.45               0               0
          1.452               0               0
          1.454               0               0
          1.456               0               0
          1.458               0               0
           1.46               0               0
          1.462               0               0
          1.464               0               0
          1.466               0               0
          1.468               0               0
           1.47               0               0
          1.472               0               0
          1.474               0               0
          1.476               0               0
          1.478               0               0
           1.48               0               0
          1.482               0               0
          1.484               0               0
          1.486               0               0
          1.488               0               0
           1.49               0               0
          1.492               0               0
          1.494               0               0
          1.496               0               0
          1.498               0               0
            1.5               0               0
          1.502               0               0
          1.504               0               0
          1.506               0               0
          1.508               0               0
           1.51               0               0
          1.512               0               0
          1.514               0               0
          1.516               0               0
          1.518               0               0
           1.52               0               0
          1.522               0               0
          1.524               0               0
          1.526               0               0
          1.528               0               0
           1.53               0               0
          1.532               0               0
          1.534               0               0
          1.536               0               0
          1.538               0               0
           1.54               0               0
          1.542               0               0
          1.544               0               0
          1.546               0               0
          1.548               0               0
           1.55               0               0
          1.552               0               0
          1.554               0               0
          1.556               0               0
          1.558               0               0
           1.56               0               0
          1.562               0               0
          1.564               0               0
          1.566               0               0
          1.568               0               0
           1.57               0               0
          1.572               0               0
          1.574               0               0
          1.576               0               0
          1.578               0               0
           1.58               0               0
          1.582               0               0
          1.584               0               0
          1.586               0               0
          1.588               0               0
           1.59               0               0
          1.592               0               0
          1.594               0               0
          1.596               0               0
          1.598               0               0
            1.6               0               0
          1.602               0               0
          1.604               0               0
          1.606               0               0
          1.608               0               0
           1.61               0               0
          1.612               0               0
          1.614               0               0
          1.616               0               0
          1.618               0               0
           1.62               0               0
          1.622               0               0
          1.624               0               0
          1.626               0               0
          1.628               0               0
           1.63               0               0
          1.632               0               0
          1.634               0               0
          1.636               0               0
          1.638               0               0
           1.64               0               0
          1.642               0               0
          1.644               0               0
          1.646               0               0
          1.648               0               0
           1.65               0               0
          1.652               0               0
          1.654               0               0
          1.656               0               0
          1.658               0               0
           1.66               0               0
          1.662               0               0
          1.664               0               0
          1.666               0               0
          1.668               0               0
           1.67               0               0
          1.672               0               0
          1.674               0               0
          1.676               0               0
          1.678               0               0
           1.68               0               0
          1.682               0               0
          1.684               0               0
          1.686               0               0
          1.688               0               0
           1.69               0               0
          1.692               0               0
          1.694               0               0
          1.696               0               0
          1.698               0               0
            1.7               0               0
          1.702               0               0
          1.704               0               0
          1.706               0               0
          1.708               0               0
           1.71               0               0
          1.712               0               0
          1.714               0               0
          1.716               0               0
          1.718               0               0
           1.72               0               0
          1.722               0               0
          1.724               0               0
          1.726               0               0
          1.728               0               0
           1.73               0               0
          1.732               0               0
          1.734               0               0
          1.736               0               0
          1.738               0               0
           1.74               0               0
          1.742               0               0
          1.744               0               0
          1.746               0               0
          1.748               0               0
           1.75               0               0
          1.752               0               0
          1.754               0               0
          1.756               0               0
          1.758               0               0
           1.76               0               0
          1.762               0               0
          1.764               0               0
          1.766               0               0
          1.768               0               0
           1.77               0               0
          1.772               0               0
          1.774               0               0
          1.776               0               0
          1.778               0               0
           1.78               0               0
          1.782               0               0
          1.784               0               0
          1.786               0               0
          1.788               0               0
           1.79               0               0
          1.792               0               0
          1.794               0               0
          1.796               0               0
          1.798               0               0
            1.8               0               0
          1.802               0               0
          1.804               0               0
          1.806               0               0
          1.808               0               0
           1.81               0               0
          1.812               0               0
          1.814               0               0
          1.816               0               0
          1.818               0               0
           1.82               0               0
          1.822               0               0
          1.824               0               0
          1.826               0               0
          1.828               0               0
           1.83               0               0
          1.832               0               0
          1.834               0               0
          1.836               0               0
          1.838               0               0
           1.84               0               0
          1.842               0               0
          1.844               0               0
          1.846               0               0
          1.848               0               0
           1.85               0               0
          1.852               0               0
          1.854               0               0
          1.856               0               0
          1.858               0               0
           1.86               0               0
          1.862               0               0
          1.864               0               0
          1.866               0               0
          1.868               0               0
           1.87               0               0
          1.872               0               0
          1.874               0               0
          1.876               0               0
          1.878               0               0
           1.88               0               0
          1.882               0               0
          1.884               0               0
          1.886               0               0
          1.888               0               0
           1.89               0               0
          1.892               0               0
          1.894               0               0
          1.896               0               0
          1.898               0               0
            1.9               0               0
          1.902               0               0
          1.904               0               0
          1.906               0               0
          1.908               0               0
           1.91               0               0
          1.912               0               0
          1.914               0               0
          1.916               0               0
          1.918               0               0
           1.92               0               0
          1.922               0               0
          1.924               0               0
          1.926               0               0
          1.928               0               0
           1.93               0               0
          1.932               0               0
          1.934               0               0
          1.936               0               0
          1.938               0               0
           1.94               0               0
          1.942               0               0
          1.944               0               0
          1.946               0               0
          1.948               0               0
           1.95               0               0
          1.952               0               0
          1.954               0               0
          1.956               0               0
          1.958               0               0
           1.96               0               0
          1.962               0               0
          1.964               0               0
          1.966               0               0
          1.968               0               0
           1.97               0               0
          1.972               0               0
          1.974               0               0
          1.976               0               0
          1.978               0               0
           1.98               0               0
          1.982               0               0
          1.984               0               0
          1.986               0               0
          1.988               0               0
           1.99               0               0
          1.992               0               0
          1.994               0               0
          1.996               0               0
          1.998               0               0
              2               0               0
