          0.001       820.65412       5963.7482
          0.002       814.70037       5943.7482
          0.003       808.76662       5923.7481
          0.004       802.85287       5903.7482
          0.005       796.95913       5883.7482
          0.006       791.08538       5863.7482
          0.007       785.23163       5843.7482
          0.008       779.39788       5823.7481
          0.009       773.58413       5803.7482
           0.01       767.79039       5783.7482
          0.011       762.01664       5763.7482
          0.012       756.26289       5743.7482
          0.013       750.52914       5723.7481
          0.014       744.81539       5703.7482
          0.015       739.12165       5683.7482
          0.016        733.4479       5663.7482
          0.017       727.79415       5643.7482
          0.018        722.1604       5623.7481
          0.019       716.54665       5603.7482
           0.02        710.9529       5583.7482
          0.021       705.37916       5563.7482
          0.022       699.82541       5543.7482
          0.023       694.29166       5523.7481
          0.024       688.77791       5503.7482
          0.025       683.28416       5483.7482
          0.026       677.81042       5463.7482
          0.027       672.35667       5443.7482
          0.028       666.92292       5423.7481
          0.029       661.50917       5403.7482
           0.03       656.11542       5383.7482
          0.031       650.74168       5363.7482
          0.032       645.38793       5343.7482
          0.033       640.05418       5323.7481
          0.034       634.74043       5303.7482
          0.035       629.44668       5283.7482
          0.036       624.17293       5263.7482
          0.037       618.91919       5243.7482
          0.038       613.68544       5223.7481
          0.039       608.47169       5203.7482
           0.04       603.27794       5183.7482
          0.041       598.10419       5163.7482
          0.042       592.95045       5143.7482
          0.043        587.8167       5123.7481
          0.044       582.70295       5103.7482
          0.045        577.6092       5083.7482
          0.046       572.53545       5063.7482
          0.047        567.4817       5043.7482
          0.048       562.44796       5023.7481
          0.049       557.43421       5003.7482
           0.05       552.44046       4983.7482
          0.051       547.46671       4963.7482
          0.052       542.51296       4943.7482
          0.053       537.57922       4923.7481
          0.054       532.66547       4903.7482
          0.055       527.77172       4883.7482
          0.056       522.89797       4863.7482
          0.057       518.04422       4843.7482
          0.058       513.21048       4823.7481
          0.059       508.39673       4803.7482
           0.06       503.60298       4783.7482
          0.061       498.82923       4763.7482
          0.062       494.07548       4743.7482
          0.063       489.34173       4723.7481
          0.064       484.62799       4703.7482
          0.065       479.93424       4683.7482
          0.066       475.26049       4663.7482
          0.067       470.60674       4643.7482
          0.068       465.97299       4623.7481
          0.069       461.35925       4603.7482
           0.07        456.7655       4583.7482
          0.071       452.19175       4563.7482
          0.072         447.638       4543.7482
          0.073       443.10425       4523.7481
          0.074       438.59051       4503.7482
          0.075       434.09676       4483.7482
          0.076       429.62301       4463.7482
          0.077       425.16926       4443.7482
          0.078       420.73551       4423.7481
          0.079       416.32176       4403.7482
           0.08       411.92802       4383.7482
          0.081       407.55427       4363.7482
          0.082       403.20052       4343.7482
          0.083       398.86677       4323.7481
          0.084       394.55302       4303.7482
          0.085       390.25928       4283.7482
          0.086       385.98553       4263.7482
          0.087       381.73178       4243.7482
          0.088       377.49803       4223.7481
          0.089       373.28428       4203.7482
           0.09       369.09053       4183.7482
          0.091       364.91679       4163.7482
          0.092       360.76304       4143.7482
          0.093       356.62929       4123.7481
          0.094       352.51554       4103.7482
          0.095       348.42179       4083.7481
          0.096       344.34805       4063.7481
          0.097        340.2943       4043.7481
          0.098       336.26055       4023.7481
          0.099        332.2468       4003.7481
            0.1       328.25305       3983.7481
          0.101       324.27931       3963.7481
          0.102       320.32556       3943.7481
          0.103       316.39181       3923.7481
          0.104       312.47806       3903.7481
          0.105       308.58431       3883.7481
          0.106       304.71056       3863.7481
          0.107       300.85682       3843.7481
          0.108       297.02307       3823.7481
          0.109       293.20932       3803.7481
           0.11       289.41557       3783.7481
          0.111       285.64182       3763.7481
          0.112       281.88808       3743.7481
          0.113       278.15433       3723.7481
          0.114       274.44058       3703.7481
          0.115       270.74683       3683.7481
          0.116       267.07308       3663.7481
          0.117       263.41933       3643.7481
          0.118       259.78559       3623.7481
          0.119       256.17184       3603.7481
           0.12       252.57809       3583.7481
          0.121       249.00434       3563.7481
          0.122       245.45059       3543.7481
          0.123       241.91685       3523.7481
          0.124        238.4031       3503.7481
          0.125       234.90935       3483.7481
          0.126        231.4356       3463.7481
          0.127       227.98185       3443.7481
          0.128       224.54811       3423.7481
          0.129       221.13436       3403.7481
           0.13       217.74061       3383.7481
          0.131       214.36686       3363.7481
          0.132       211.01311       3343.7481
          0.133       207.67936       3323.7481
          0.134       204.36562       3303.7481
          0.135       201.07187       3283.7481
          0.136       197.79812       3263.7481
          0.137       194.54437       3243.7481
          0.138       191.31062       3223.7481
          0.139       188.09688       3203.7481
           0.14       184.90313       3183.7481
          0.141       181.72938       3163.7481
          0.142       178.57563       3143.7481
          0.143       175.44188       3123.7481
          0.144       172.32814       3103.7481
          0.145       169.23439       3083.7481
          0.146       166.16064       3063.7481
          0.147       163.10689       3043.7481
          0.148       160.07314       3023.7481
          0.149       157.05939       3003.7481
           0.15       154.06565       2983.7481
          0.151        151.0919       2963.7481
          0.152       148.13815       2943.7481
          0.153        145.2044       2923.7481
          0.154       142.29065       2903.7481
          0.155       139.39691       2883.7481
          0.156       136.52316       2863.7481
          0.157       133.66941       2843.7481
          0.158       130.83566       2823.7481
          0.159       128.02191       2803.7481
           0.16       125.22816       2783.7481
          0.161       122.45442       2763.7481
          0.162       119.70067       2743.7481
          0.163       116.96692       2723.7481
          0.164       114.25317       2703.7481
          0.165       111.55942       2683.7481
          0.166       108.88568       2663.7481
          0.167       106.23193       2643.7481
          0.168       103.59818       2623.7481
          0.169       100.98443       2603.7481
           0.17       98.390684       2583.7482
          0.171       95.816935       2563.7481
          0.172       93.263187       2543.7481
          0.173       90.729439       2523.7481
          0.174       88.215691       2503.7481
          0.175       85.721943       2483.7481
          0.176       83.248195       2463.7481
          0.177       80.794447       2443.7481
          0.178       78.360698       2423.7481
          0.179        75.94695       2403.7481
           0.18       73.553202       2383.7481
          0.181       71.179454       2363.7481
          0.182       68.825706       2343.7481
          0.183       66.491958       2323.7481
          0.184        64.17821       2303.7481
          0.185       61.884461       2283.7481
          0.186       59.610713       2263.7481
          0.187       57.356965       2243.7481
          0.188       55.123217       2223.7481
          0.189       52.909469       2203.7481
           0.19       50.715721       2183.7481
          0.191       48.541973       2163.7481
          0.192       46.388224       2143.7481
          0.193       44.254476       2123.7481
          0.194       42.140728       2103.7481
          0.195        40.04698       2083.7481
          0.196       37.973232       2063.7481
          0.197       35.919484       2043.7481
          0.198       33.885736       2023.7481
          0.199       31.871987       2003.7481
            0.2       29.878239       1983.7481
          0.201       27.904491       1963.7481
          0.202       25.950743       1943.7481
          0.203       24.016995       1923.7481
          0.204       22.103247       1948.7595
          0.205       20.119476       1929.7085
          0.206        18.24383       1863.7368
          0.207       16.392002       1780.7704
          0.208       14.682289       1624.8887
          0.209       13.142225       1486.1174
           0.21       11.710054       1381.4484
          0.211       10.379328       1270.0608
          0.212       9.1699323       1148.5475
          0.213       8.0822331       1040.0814
          0.214       7.0897695        941.4134
          0.215       6.1994063        841.7799
          0.216       5.4062097       750.02771
          0.217       4.6993509        662.2597
          0.218       4.0816903       575.92056
          0.219       3.5475098       495.30878
           0.22       3.0910727       415.20817
          0.221       2.7170934       339.84668
          0.222       2.4113794       272.89264
          0.223       2.1713082        204.0918
          0.224       2.0031957       137.79161
          0.225        1.895725       76.566627
          0.226       1.8500625       14.712766
          0.227       1.8662994      -43.454078
          0.228       1.9369706      -96.226162
          0.229       2.0587517      -145.89956
           0.23       2.2287698      -193.20745
          0.231       2.4451667      -237.68827
          0.232       2.7041463      -275.62036
          0.233       2.9964074      -301.99135
          0.234        3.308129      -310.50028
          0.235       3.6174079      -291.50191
          0.236       3.8911328      -235.80392
          0.237       4.0890158      -137.01321
          0.238       4.1651592       1.4030925
          0.239       4.0862096       161.20331
           0.24       3.8427526       311.28385
          0.241       3.4636419       423.59004
          0.242       2.9955725        487.2302
          0.243       2.4891815        503.9382
          0.244       1.9876961        485.8725
          0.245       1.5174365       445.46902
          0.246       1.0967581       391.37835
          0.247      0.73467976       329.07246
          0.248      0.43861317       258.47515
          0.249      0.21772946       183.46587
           0.25      0.07168143       108.86473
          0.251               0       32.729827
          0.252    0.0062217758      -46.540758
          0.253     0.093081515      -125.88796
          0.254      0.25799771      -205.31412
          0.255      0.50370976      -287.42978
          0.256      0.83285727      -369.36838
          0.257       1.2424465      -450.09854
          0.258       1.7330543      -533.02716
          0.259       2.3085008      -618.44507
           0.26       2.9699445      -702.98069
          0.261       3.7144622      -785.12936
          0.262       4.5402032      -868.81606
          0.263       5.4520943      -957.28808
          0.264       6.4547794      -1040.2907
          0.265       7.5326758      -1123.9059
          0.266       8.7025912      -1217.4397
          0.267       9.9675552      -1310.7796
          0.268        11.32415      -1393.6657
          0.269       12.754886      -1451.3357
           0.27       14.226822      -1526.4649
          0.271       15.807816      -1658.2027
          0.272       17.543227      -1756.3725
          0.273       19.320561      -1797.3432
          0.274       21.137914      -1866.6693
          0.275         23.0539      -1964.0262
          0.276       25.065966      -2182.4365
          0.277       27.418773      -2646.8689
          0.278       30.359704      -2454.5105
          0.279       32.327794      -1792.8804
           0.28       33.945465      -1762.1779
          0.281        35.85215      -1344.7819
          0.282       36.635028      -1114.3115
          0.283       38.080773      -1455.7447
          0.284       39.546518      -1475.7447
          0.285       41.032262      -1495.7447
          0.286       42.538007      -1515.7447
          0.287       44.063752      -1535.7447
          0.288       45.609496      -1555.7447
          0.289       47.175241      -1575.7447
           0.29       48.760986      -1595.7447
          0.291       50.366731      -1615.7447
          0.292       51.992475      -1635.7447
          0.293        53.63822      -1655.7447
          0.294       55.303965      -1675.7447
          0.295       56.989709      -1695.7447
          0.296       58.695454      -1715.7447
          0.297       60.421199      -1735.7447
          0.298       62.166943      -1755.7447
          0.299       63.932688      -1775.7447
            0.3       65.718433      -1795.7447
          0.301       67.524178      -1815.7447
          0.302       69.349922      -1835.7447
          0.303       71.195667      -1855.7447
          0.304       73.061412      -1875.7447
          0.305       74.947156      -1895.7447
          0.306       76.852901      -1915.7447
          0.307       78.778646      -1935.7447
          0.308       80.724391      -1955.7447
          0.309       82.690135      -1975.7447
           0.31        84.67588      -1995.7447
          0.311       86.681625      -2015.7447
          0.312       88.707369      -2035.7447
          0.313       90.753114      -2055.7447
          0.314       92.818859      -2075.7447
          0.315       94.904603      -2095.7447
          0.316       97.010348      -2115.7447
          0.317       99.136093      -2135.7447
          0.318       101.28184      -2155.7447
          0.319       103.44758      -2175.7447
           0.32       105.63333      -2195.7447
          0.321       107.83907      -2215.7447
          0.322       110.06482      -2235.7447
          0.323       112.31056      -2255.7447
          0.324       114.57631      -2275.7447
          0.325       116.86205      -2295.7447
          0.326        119.1678      -2315.7447
          0.327       121.49354      -2335.7447
          0.328       123.83928      -2355.7447
          0.329       126.20503      -2375.7447
           0.33       128.59077      -2395.7447
          0.331       130.99652      -2415.7447
          0.332       133.42226      -2435.7447
          0.333       135.86801      -2455.7447
          0.334       138.33375      -2475.7447
          0.335        140.8195      -2495.7447
          0.336       143.32524      -2515.7447
          0.337       145.85099      -2535.7447
          0.338       148.39673      -2555.7447
          0.339       150.96248      -2575.7447
           0.34       153.54822      -2595.7447
          0.341       156.15397      -2615.7447
          0.342       158.77971      -2635.7447
          0.343       161.42546      -2655.7447
          0.344        164.0912      -2675.7447
          0.345       166.77694      -2695.7447
          0.346       169.48269      -2715.7447
          0.347       172.20843      -2735.7447
          0.348       174.95418      -2755.7447
          0.349       177.71992      -2775.7447
           0.35       180.50567      -2795.7447
          0.351       183.31141      -2815.7447
          0.352       186.13716      -2835.7447
          0.353        188.9829      -2855.7447
          0.354       191.84865      -2875.7447
          0.355       194.73439      -2895.7447
          0.356       197.64014      -2915.7447
          0.357       200.56588      -2935.7447
          0.358       203.51163      -2955.7447
          0.359       206.47737      -2975.7447
           0.36       209.46312      -2995.7447
          0.361       212.46886      -3015.7447
          0.362        215.4946      -3035.7447
          0.363       218.54035      -3055.7447
          0.364       221.60609      -3075.7447
          0.365       224.69184      -3095.7447
          0.366       227.79758      -3115.7447
          0.367       230.92333      -3135.7447
          0.368       234.06907      -3155.7447
          0.369       237.23482      -3175.7447
           0.37       240.42056      -3195.7447
          0.371       243.62631      -3215.7447
          0.372       246.85205      -3235.7447
          0.373        250.0978      -3255.7447
          0.374       253.36354      -3275.7447
          0.375       256.64929      -3295.7447
          0.376       259.95503      -3315.7447
          0.377       263.28078      -3335.7447
          0.378       266.62652      -3355.7447
          0.379       269.99226      -3375.7447
           0.38       273.37801      -3395.7447
          0.381       276.78375      -3415.7447
          0.382        280.2095      -3435.7447
          0.383       283.65524      -3455.7447
          0.384       287.12099      -3475.7447
          0.385       290.60673      -3495.7447
          0.386       294.11248      -3515.7447
          0.387       297.63822      -3535.7447
          0.388       301.18397      -3555.7447
          0.389       304.74971      -3575.7447
           0.39       308.33546      -3595.7447
          0.391        311.9412      -3615.7447
          0.392       315.56695      -3635.7447
          0.393       319.21269      -3655.7447
          0.394       322.87844      -3675.7447
          0.395       326.56418      -3695.7447
          0.396       330.26992      -3715.7447
          0.397       333.99567      -3735.7447
          0.398       337.74141      -3755.7447
          0.399       341.50716      -3775.7447
            0.4        345.2929      -3795.7447
          0.401       349.09865      -3815.7447
          0.402       352.92439      -3835.7447
          0.403       356.77014      -3855.7447
          0.404       360.63588      -3875.7447
          0.405       364.52163      -3895.7447
          0.406       368.42737      -3915.7447
          0.407       372.35312      -3935.7447
          0.408       376.29886      -3955.7447
          0.409       380.26461      -3975.7447
           0.41       384.25035      -3995.7447
          0.411        388.2561      -4015.7447
          0.412       392.28184      -4035.7447
          0.413       396.32758      -4055.7447
          0.414       400.39333      -4075.7447
          0.415       404.47907      -4095.7447
          0.416       408.58482      -4115.7447
          0.417       412.71056      -4135.7447
          0.418       416.85631      -4155.7447
          0.419       421.02205      -4175.7447
           0.42        425.2078      -4195.7447
          0.421       429.41354      -4215.7447
          0.422       433.63929      -4235.7447
          0.423       437.88503      -4255.7447
          0.424       442.15078      -4275.7447
          0.425       446.43652      -4295.7447
          0.426       450.74227      -4315.7447
          0.427       455.06801      -4335.7447
          0.428       459.41375      -4355.7447
          0.429        463.7795      -4375.7447
           0.43       468.16524      -4395.7447
          0.431       472.57099      -4415.7447
          0.432       476.99673      -4435.7447
          0.433       481.44248      -4455.7447
          0.434       485.90822      -4475.7447
          0.435       490.39397      -4495.7447
          0.436       494.89971      -4515.7447
          0.437       499.42546      -4535.7447
          0.438        503.9712      -4555.7447
          0.439       508.53695      -4575.7447
           0.44       513.12269      -4595.7447
          0.441       517.72844      -4615.7447
          0.442       522.35418      -4635.7447
          0.443       526.99993      -4655.7447
          0.444       531.66567      -4675.7447
          0.445       536.35141      -4695.7447
          0.446       541.05716      -4715.7447
          0.447        545.7829      -4735.7447
          0.448       550.52865      -4755.7447
          0.449       555.29439      -4775.7447
           0.45       560.08014      -4795.7447
          0.451       564.88588      -4815.7447
          0.452       569.71163      -4835.7447
          0.453       574.55737      -4855.7447
          0.454       579.42312      -4875.7447
          0.455       584.30886      -4895.7447
          0.456       589.21461      -4915.7447
          0.457       594.14035      -4935.7447
          0.458        599.0861      -4955.7447
          0.459       604.05184      -4975.7447
           0.46       609.03759      -4995.7447
          0.461       614.04333      -5015.7447
          0.462       619.06907      -5035.7447
          0.463       624.11482      -5055.7447
          0.464       629.18056      -5075.7447
          0.465       634.26631      -5095.7447
          0.466       639.37205      -5115.7447
          0.467        644.4978      -5135.7447
          0.468       649.64354      -5155.7447
          0.469       654.80929      -5175.7447
           0.47       659.99503      -5195.7447
          0.471       665.20078      -5215.7447
          0.472       670.42652      -5235.7447
          0.473       675.67227      -5255.7447
          0.474       680.93801      -5275.7447
          0.475       686.22376      -5295.7447
          0.476        691.5295      -5315.7447
          0.477       696.85525      -5335.7447
          0.478       702.20099      -5355.7447
          0.479       707.56673      -5375.7447
           0.48       712.95248      -5395.7447
          0.481       718.35822      -5415.7447
          0.482       723.78397      -5435.7447
          0.483       729.22971      -5455.7447
          0.484       734.69546      -5475.7447
          0.485        740.1812      -5495.7447
          0.486       745.68695      -5515.7447
          0.487       751.21269      -5535.7447
          0.488       756.75844      -5555.7447
          0.489       762.32418      -5575.7447
           0.49       767.90993      -5595.7447
          0.491       773.51567      -5615.7447
          0.492       779.14142      -5635.7447
          0.493       784.78716      -5655.7447
          0.494       790.45291      -5675.7447
          0.495       796.13865      -5695.7447
          0.496       801.84439      -5715.7447
          0.497       807.57014      -5735.7447
          0.498       813.31588      -5755.7447
          0.499       819.08163      -5775.7447
            0.5       824.86737               0
